1670483618666 26.688623428344727 0
1670483670073 26.411283493041992 0
1670483670417 26.326709747314453 1
1670483670762 24.785341262817383 1
1670483671104 25.92254638671875 2
1670483671445 26.639892578125 2
1670483671784 25.790788650512695 3
1670483672126 26.42506217956543 3
1670483672467 25.451763153076172 4
1670483672808 25.539085388183594 4
1670483673148 26.034162521362305 5
1670483673487 26.761741638183594 5
1670483673846 25.789819717407227 6
1670483674185 25.57317543029785 6
1670483674524 26.901744842529297 7
1670483674867 26.756671905517578 7
1670483675208 26.025066375732422 8
1670483675551 26.60222053527832 8
1670483675891 26.48798370361328 9
1670483676232 25.744552612304688 9
1670483676574 24.29598045349121 10
1670483676916 26.56650733947754 10
1670483677257 25.047773361206055 11
1670483677598 24.575353622436523 11
1670483677941 26.45307159423828 12
1670483678300 26.592073440551758 12
1670483678641 26.141267776489258 13
1670483678981 25.94190788269043 13
1670483679324 26.488311767578125 14
1670483679663 26.019004821777344 14
1670483680005 25.712182998657227 15
1670483680345 25.551729202270508 15
1670483680689 27.15724754333496 16
1670483681030 25.85563087463379 16
1670483681374 25.629016876220703 17
1670483681715 25.092390060424805 17
1670483682053 25.867219924926758 18
1670483682393 26.816593170166016 18
1670483682733 26.0970458984375 19
1670483683075 26.747650146484375 19
1670483683415 27.3034725189209 20
1670483683774 24.780977249145508 20
1670483684113 25.547388076782227 21
1670483684451 26.83955192565918 21
1670483684791 27.117876052856445 22
1670483685129 26.84113311767578 22
1670483685470 24.678081512451172 23
1670483685808 26.69784927368164 23
1670483686147 25.838899612426758 24
1670483686486 25.47060203552246 24
1670483686825 26.37735366821289 25
1670483687166 26.77583885192871 25
1670483687507 25.19838523864746 26
1670483687844 25.82775115966797 26
1670483688184 25.659984588623047 27
1670483688523 25.793087005615234 27
1670483688862 25.70855140686035 28
1670483689201 25.7114200592041 28
1670483689540 25.685043334960938 29
1670483689884 26.420949935913086 29
1670483690228 26.980392456054688 30
1670483690573 26.18068504333496 30
1670483690912 25.191923141479492 31
1670483691266 25.884126663208008 31
1670483691608 25.877273559570312 32
1670483691947 26.13870620727539 32
1670483692288 25.43130111694336 33
1670483692627 25.18315315246582 33
1670483692968 25.505952835083008 34
1670483693308 23.978687286376953 34
1670483693649 25.991443634033203 35
1670483693990 25.38335418701172 35
1670483694332 24.914968490600586 36
1670483694673 27.41171646118164 36
1670483695012 24.439184188842773 37
1670483695354 25.7917537689209 37
1670483695695 25.841108322143555 38
1670483696035 25.742630004882812 38
1670483696376 25.2194766998291 39
1670483696716 26.213600158691406 39
1670483697056 26.165552139282227 40
1670483697398 26.75667953491211 40
1670483697736 26.13105010986328 41
1670483698075 25.816875457763672 41
1670483698414 25.00986671447754 42
1670483698752 26.503774642944336 42
1670483699092 25.8863525390625 43
1670483699432 24.084938049316406 43
1670483699773 26.586889266967773 44
1670483700111 26.20697784423828 44
1670483700449 25.18606948852539 45
1670483700789 25.59910774230957 45
1670483701129 24.37691307067871 46
1670483701467 25.532133102416992 46
1670483701810 25.789182662963867 47
1670483702172 27.13675308227539 47
1670483702511 25.631187438964844 48
1670483702852 27.056188583374023 48
1670483703195 25.467693328857422 49
1670483703536 24.570331573486328 49
1670483703878 26.43539810180664 50
1670483704404 26.544784545898438 50
1670483704743 26.28533172607422 51
1670483705083 26.73308563232422 51
1670483705423 24.737472534179688 52
1670483705763 27.22953987121582 52
1670483706104 24.727964401245117 53
1670483706446 25.13636589050293 53
1670483706787 26.8110408782959 54
1670483707129 26.557024002075195 54
1670483707469 25.126495361328125 55
1670483707806 25.08074378967285 55
1670483708147 25.994550704956055 56
1670483708487 26.296512603759766 56
1670483708829 26.373008728027344 57
1670483709167 24.904951095581055 57
1670483709507 25.071136474609375 58
1670483709848 25.60047721862793 58
1670483710188 26.7907772064209 59
1670483710528 25.51436996459961 59
1670483710871 26.846908569335938 60
1670483711212 24.802417755126953 60
1670483711553 25.038280487060547 61
1670483711895 24.88045310974121 61
1670483712241 26.158246994018555 62
1670483712583 26.48725128173828 62
1670483712925 26.033870697021484 63
1670483713265 26.073200225830078 63
1670483713605 26.09011459350586 64
1670483713947 27.20779800415039 64
1670483714288 27.654611587524414 65
1670483714629 25.575830459594727 65
1670483714969 25.565759658813477 66
1670483715312 24.757625579833984 66
1670483715651 25.65464210510254 67
1670483715992 25.0327091217041 67
1670483716334 26.33940315246582 68
1670483716674 25.075998306274414 68
1670483717015 25.654664993286133 69
1670483717356 25.70911407470703 69
1670483717699 25.41920280456543 70
1670483718044 24.51336097717285 70
1670483718385 26.179079055786133 71
1670483718727 25.901662826538086 71
1670483719070 26.70643424987793 72
1670483719413 25.349687576293945 72
1670483719752 26.28084373474121 73
1670483720095 25.927186965942383 73
1670483720437 26.665605545043945 74
1670483720776 26.162092208862305 74
1670483721117 26.719438552856445 75
1670483721456 27.811965942382812 75
1670483721798 27.148775100708008 76
1670483722137 25.640405654907227 76
1670483722479 25.32538604736328 77
1670483722819 26.844919204711914 77
1670483723161 24.736631393432617 78
1670483723503 26.495004653930664 78
1670483723849 25.577268600463867 79
1670483724189 25.71163558959961 79
1670483724528 25.764989852905273 80
1670483724871 25.55840301513672 80
1670483725212 25.249141693115234 81
1670483725551 25.474321365356445 81
1670483725890 26.53792381286621 82
1670483726228 26.22756576538086 82
1670483726567 26.137073516845703 83
1670483726906 26.870952606201172 83
1670483727247 26.767297744750977 84
1670483727587 27.338247299194336 84
1670483727928 27.26611328125 85
1670483728267 26.662626266479492 85
1670483728606 24.727754592895508 86
1670483728948 26.45722198486328 86
1670483729288 26.272165298461914 87
1670483729631 26.538747787475586 87
1670483729972 25.222957611083984 88
1670483730314 25.840681076049805 88
1670483730654 25.225486755371094 89
1670483730993 25.48523712158203 89
1670483731334 26.553470611572266 90
1670483731677 24.498802185058594 90
1670483732017 26.783262252807617 91
1670483732359 26.505571365356445 91
1670483732703 25.336400985717773 92
1670483733046 26.09101104736328 92
1670483733388 27.28862190246582 93
1670483733730 26.07685089111328 93
1670483734071 26.40495491027832 94
1670483734412 28.39067268371582 94
1670483734753 25.09067153930664 95
1670483735093 27.993614196777344 95
1670483735434 26.324539184570312 96
1670483735773 26.36687469482422 96
1670483736115 24.611387252807617 97
1670483736462 27.136205673217773 97
1670483736804 24.70975112915039 98
1670483737143 25.931669235229492 98
1670483737484 25.249465942382812 99
1670483737825 27.046070098876953 99
1670483738197 26.156911849975586 100
1670483738724 25.38379669189453 100
1670483739062 26.296384811401367 101
1670483739405 26.302091598510742 101
1670483739746 27.584962844848633 102
1670483740088 26.50557518005371 102
1670483740432 25.287246704101562 103
1670483740775 26.280893325805664 103
1670483741116 25.498380661010742 104
1670483741458 26.597023010253906 104
1670483741798 26.400083541870117 105
1670483742140 25.683012008666992 105
1670483742489 26.769718170166016 106
1670483742829 26.37598991394043 106
1670483743167 25.10837745666504 107
1670483743507 25.451065063476562 107
1670483743848 24.396329879760742 108
1670483744191 26.124065399169922 108
1670483744531 27.15291404724121 109
1670483744871 26.0004825592041 109
1670483745211 26.251388549804688 110
1670483745553 26.563982009887695 110
1670483745893 25.188438415527344 111
1670483746236 25.80001449584961 111
1670483746576 26.99669647216797 112
1670483746920 25.747556686401367 112
1670483747261 25.992460250854492 113
1670483747605 25.613292694091797 113
1670483747945 26.739349365234375 114
1670483748286 27.03282928466797 114
1670483748627 25.50906753540039 115
1670483748967 27.058717727661133 115
1670483749309 26.479700088500977 116
1670483749649 25.635940551757812 116
1670483749991 26.820026397705078 117
1670483750332 26.682662963867188 117
1670483750675 26.14485740661621 118
1670483751016 25.74544906616211 118
1670483751362 25.27828025817871 119
1670483751705 25.63629722595215 119
1670483752045 26.23030662536621 120
1670483752386 25.809370040893555 120
1670483752726 26.16094398498535 121
1670483753067 26.09627914428711 121
1670483753413 24.549394607543945 122
1670483753757 27.500656127929688 122
1670483754100 27.146087646484375 123
1670483754442 25.893291473388672 123
1670483754781 25.694847106933594 124
1670483755121 25.857587814331055 124
1670483755461 25.418737411499023 125
1670483755801 25.60114860534668 125
1670483756142 26.423250198364258 126
1670483756480 27.096464157104492 126
1670483756818 25.9329776763916 127
1670483757158 25.98167610168457 127
1670483757498 26.131973266601562 128
1670483757838 25.889347076416016 128
1670483758180 25.465240478515625 129
1670483758520 25.91737174987793 129
1670483758862 25.412059783935547 130
1670483759201 25.887012481689453 130
1670483759540 26.311193466186523 131
1670483759880 25.675317764282227 131
1670483760221 27.655986785888672 132
1670483760560 25.320924758911133 132
1670483760902 25.943222045898438 133
1670483761242 26.447229385375977 133
1670483761582 26.322240829467773 134
1670483761923 25.645549774169922 134
1670483762264 24.792861938476562 135
1670483762603 25.760671615600586 135
1670483762942 25.29352378845215 136
1670483763282 26.63408088684082 136
1670483763622 26.669832229614258 137
1670483763961 26.128007888793945 137
1670483764302 26.497068405151367 138
1670483764643 26.039270401000977 138
1670483764983 25.206960678100586 139
1670483765328 25.27220916748047 139
1670483765672 25.86373519897461 140
1670483766010 26.42649269104004 140
1670483766356 25.974145889282227 141
1670483766699 24.73316192626953 141
1670483767038 26.091018676757812 142
1670483767378 26.12425422668457 142
1670483767719 25.427600860595703 143
1670483768060 25.22507667541504 143
1670483768401 25.65266227722168 144
1670483768741 26.176279067993164 144
1670483769085 26.240753173828125 145
1670483769425 25.46637535095215 145
1670483769767 25.228788375854492 146
1670483770108 25.977493286132812 146
1670483770450 25.904029846191406 147
1670483770792 25.17708969116211 147
1670483771132 27.530132293701172 148
1670483771472 26.686771392822266 148
1670483771815 24.997838973999023 149
1670483772157 25.623201370239258 149
1670483772516 26.32194709777832 150
1670483773047 26.91461181640625 150
1670483773391 25.65636444091797 151
1670483773732 27.301406860351562 151
1670483774074 25.63982391357422 152
1670483774417 26.039154052734375 152
1670483774763 25.859607696533203 153
1670483775107 25.3480281829834 153
1670483775448 25.862247467041016 154
1670483775788 25.445106506347656 154
1670483776131 26.1108341217041 155
1670483776473 25.88580322265625 155
1670483776815 26.59016227722168 156
1670483777158 25.65376853942871 156
1670483777498 25.91021156311035 157
1670483777841 25.611181259155273 157
1670483778184 25.54352569580078 158
1670483778524 26.200191497802734 158
1670483778863 25.740629196166992 159
1670483779203 26.374841690063477 159
1670483779545 25.220815658569336 160
1670483779887 26.69142723083496 160
1670483780230 26.46693992614746 161
1670483780572 26.31847381591797 161
1670483780914 25.520231246948242 162
1670483781257 25.80744743347168 162
1670483781600 26.659345626831055 163
1670483781941 24.94671630859375 163
1670483782284 27.187463760375977 164
1670483782625 26.716806411743164 164
1670483782966 26.858856201171875 165
1670483783307 26.741127014160156 165
1670483783649 26.912437438964844 166
1670483783988 24.980745315551758 166
1670483784329 26.919099807739258 167
1670483784670 27.864484786987305 167
1670483785011 26.13323211669922 168
1670483785352 25.75362205505371 168
1670483785690 25.0068359375 169
1670483786029 25.819217681884766 169
1670483786369 26.99903678894043 170
1670483786714 26.16272735595703 170
1670483787054 26.380632400512695 171
1670483787392 26.168071746826172 171
1670483787733 27.434534072875977 172
1670483788075 25.856853485107422 172
1670483788415 26.267900466918945 173
1670483788759 26.111047744750977 173
1670483789101 25.37071418762207 174
1670483789441 25.273433685302734 174
1670483789782 25.287460327148438 175
1670483790125 26.84473419189453 175
1670483790467 25.845617294311523 176
1670483790807 26.143184661865234 176
1670483791149 25.442806243896484 177
1670483791490 26.059831619262695 177
1670483791832 26.171785354614258 178
1670483792174 26.41046714782715 178
1670483792513 25.95364761352539 179
1670483792853 26.168886184692383 179
1670483793193 26.138980865478516 180
1670483793536 27.599746704101562 180
1670483793877 25.305267333984375 181
1670483794221 24.197439193725586 181
1670483794567 26.47480583190918 182
1670483794909 25.227994918823242 182
1670483795251 26.605363845825195 183
1670483795592 25.60346794128418 183
1670483795935 26.93991470336914 184
1670483796276 26.42361831665039 184
1670483796616 26.72582244873047 185
1670483796955 25.502870559692383 185
1670483797294 24.880773544311523 186
1670483797636 26.039541244506836 186
1670483797973 26.306562423706055 187
1670483798313 25.021350860595703 187
1670483798653 25.374786376953125 188
1670483798994 26.069461822509766 188
1670483799332 26.300525665283203 189
1670483799672 25.989974975585938 189
1670483800014 25.05275535583496 190
1670483800354 25.30855941772461 190
1670483800695 26.399728775024414 191
1670483801037 26.254947662353516 191
1670483801380 27.762006759643555 192
1670483801723 26.145015716552734 192
1670483802065 25.81153106689453 193
1670483802407 26.03301429748535 193
1670483802749 25.580039978027344 194
1670483803089 28.587446212768555 194
1670483803432 25.073806762695312 195
1670483803773 25.449838638305664 195
1670483804114 25.844236373901367 196
1670483804454 24.574039459228516 196
1670483804795 25.28791618347168 197
1670483805134 27.064891815185547 197
1670483805477 25.768991470336914 198
1670483805817 26.607072830200195 198
1670483806158 26.59782600402832 199
1670483806499 25.753402709960938 199
1670483806872 25.42999267578125 200
1670483807398 24.5838565826416 200
1670483807737 27.06829261779785 201
1670483808078 25.64865493774414 201
1670483808417 26.22309112548828 202
1670483808757 25.512529373168945 202
1670483809100 24.850690841674805 203
1670483809439 27.525367736816406 203
1670483809780 26.76902198791504 204
1670483810123 26.65475082397461 204
1670483810463 25.767396926879883 205
1670483810804 26.283964157104492 205
1670483811144 26.566207885742188 206
1670483811485 26.41985321044922 206
1670483811829 25.208236694335938 207
1670483812172 26.48540496826172 207
1670483812513 25.530107498168945 208
1670483812853 27.568065643310547 208
1670483813193 26.80625343322754 209
1670483813535 24.053922653198242 209
1670483813879 26.52818489074707 210
1670483814219 25.261837005615234 210
1670483814559 26.492528915405273 211
1670483814903 25.866012573242188 211
1670483815247 24.667232513427734 212
1670483815591 26.52778434753418 212
1670483815932 26.48419952392578 213
1670483816272 26.019405364990234 213
1670483816615 26.535255432128906 214
1670483816955 25.397733688354492 214
1670483817295 25.196985244750977 215
1670483817637 26.055097579956055 215
1670483817980 25.85761833190918 216
1670483818320 26.09368324279785 216
1670483818661 24.47003746032715 217
1670483819000 26.37353515625 217
1670483819342 26.062355041503906 218
1670483819683 25.16451644897461 218
1670483820025 25.56364631652832 219
1670483820364 25.421974182128906 219
1670483820704 24.938507080078125 220
1670483821048 24.943401336669922 220
1670483821391 26.92072105407715 221
1670483821733 26.54171371459961 221
1670483822075 26.163827896118164 222
1670483822416 25.467609405517578 222
1670483822762 25.324865341186523 223
1670483823105 26.41427230834961 223
1670483823447 26.288959503173828 224
1670483823793 25.91240119934082 224
1670483824139 25.56833839416504 225
1670483824481 26.859344482421875 225
1670483824824 26.324363708496094 226
1670483825166 26.244497299194336 226
1670483825507 26.159015655517578 227
1670483825851 26.620210647583008 227
1670483826195 26.104921340942383 228
1670483826539 26.360532760620117 228
1670483826881 27.233516693115234 229
1670483827230 26.4466495513916 229
1670483827573 26.526954650878906 230
1670483827920 26.03938102722168 230
1670483828260 26.566865921020508 231
1670483828601 27.31753158569336 231
1670483828943 25.993314743041992 232
1670483829284 25.5333194732666 232
1670483829625 26.230571746826172 233
1670483829965 25.38428497314453 233
1670483830307 26.799579620361328 234
1670483830648 25.811922073364258 234
1670483830988 26.66126251220703 235
1670483831329 25.986968994140625 235
1670483831667 25.442716598510742 236
1670483832009 26.819843292236328 236
1670483832351 26.57061767578125 237
1670483832694 25.34828758239746 237
1670483833035 26.1507511138916 238
1670483833378 25.320817947387695 238
1670483833719 26.537506103515625 239
1670483834062 26.508058547973633 239
1670483834406 26.52568817138672 240
1670483834749 26.434091567993164 240
1670483835093 24.44255256652832 241
1670483835433 25.948623657226562 241
1670483835774 24.927915573120117 242
1670483836117 26.73569679260254 242
1670483836459 26.438495635986328 243
1670483836800 26.116853713989258 243
1670483837141 26.273109436035156 244
1670483837483 25.771467208862305 244
1670483837826 26.536449432373047 245
1670483838170 27.489404678344727 245
1670483838513 25.537139892578125 246
1670483838856 24.979095458984375 246
1670483839201 26.308712005615234 247
1670483839545 26.74431610107422 247
1670483839884 26.133581161499023 248
1670483840226 26.333391189575195 248
1670483840568 26.409317016601562 249
1670483840908 25.968639373779297 249
1670483841248 25.326284408569336 250
1670483893123 26.714786529541016 250
1670483893467 26.279706954956055 251
1670483893808 25.342792510986328 251
1670483894151 24.261640548706055 252
1670483894492 24.518957138061523 252
1670483894834 26.755104064941406 253
1670483895175 25.844722747802734 253
1670483895515 25.97273063659668 254
1670483895856 26.294055938720703 254
1670483896200 24.849224090576172 255
1670483896539 25.18128776550293 255
1670483896879 27.16400146484375 256
1670483897218 24.965736389160156 256
1670483897558 26.501291275024414 257
1670483897900 25.4739933013916 257
1670483898243 26.65067481994629 258
1670483898583 25.26520538330078 258
1670483898925 24.843475341796875 259
1670483899264 26.327714920043945 259
1670483899605 25.852445602416992 260
1670483899949 25.966135025024414 260
1670483900290 24.758983612060547 261
1670483900632 26.002208709716797 261
1670483900975 26.03852081298828 262
1670483901316 26.8126277923584 262
1670483901660 27.063884735107422 263
1670483902002 26.003400802612305 263
1670483902343 27.27711296081543 264
1670483902685 26.193504333496094 264
1670483903028 24.153181076049805 265
1670483903372 25.92346954345703 265
1670483903721 24.965770721435547 266
1670483904062 25.83868980407715 266
1670483904403 24.771329879760742 267
1670483904744 26.46080207824707 267
1670483905086 26.24725914001465 268
1670483905428 26.527236938476562 268
1670483905770 26.096237182617188 269
1670483906111 25.0859375 269
1670483906453 26.562044143676758 270
1670483906796 26.403949737548828 270
1670483907140 26.747392654418945 271
1670483907481 25.005290985107422 271
1670483907827 26.33422088623047 272
1670483908170 26.338769912719727 272
1670483908515 27.104244232177734 273
1670483908857 27.06597137451172 273
1670483909199 25.45393943786621 274
1670483909538 26.589948654174805 274
1670483909883 25.54392433166504 275
1670483910223 26.688016891479492 275
1670483910567 25.546245574951172 276
1670483910908 26.592628479003906 276
1670483911252 25.66667938232422 277
1670483911591 27.857837677001953 277
1670483911932 26.950969696044922 278
1670483912272 26.362083435058594 278
1670483912614 26.111940383911133 279
1670483912954 26.35852813720703 279
1670483913293 25.126529693603516 280
1670483913633 25.411968231201172 280
1670483913974 27.709884643554688 281
1670483914317 26.09058380126953 281
1670483914656 24.66635513305664 282
1670483914997 24.838653564453125 282
1670483915337 26.038009643554688 283
1670483915678 25.073917388916016 283
1670483916021 26.28995704650879 284
1670483916362 25.157184600830078 284
1670483916704 25.288972854614258 285
1670483917045 26.491230010986328 285
1670483917388 26.457927703857422 286
1670483917729 26.49087905883789 286
1670483918071 27.31431007385254 287
1670483918413 25.002010345458984 287
1670483918757 25.803245544433594 288
1670483919101 25.2985782623291 288
1670483919442 25.879283905029297 289
1670483919784 25.912120819091797 289
1670483920127 25.20188331604004 290
1670483920468 26.045764923095703 290
1670483920808 27.39634895324707 291
1670483921148 26.036230087280273 291
1670483921487 26.625131607055664 292
1670483921828 25.588735580444336 292
1670483922170 25.053573608398438 293
1670483922511 25.91802215576172 293
1670483922852 27.50726318359375 294
1670483923191 25.616031646728516 294
1670483923532 26.33683967590332 295
1670483923875 25.959909439086914 295
1670483924217 26.422882080078125 296
1670483924577 26.28092384338379 296
1670483924918 25.4052734375 297
1670483925258 25.446958541870117 297
1670483925596 25.77013397216797 298
1670483925935 27.407413482666016 298
1670483926276 24.11266326904297 299
1670483926619 25.902433395385742 299
1670483926993 26.564138412475586 300
1670483927520 25.599271774291992 300
1670483927864 25.861186981201172 301
