1670483618666 0.002143569989129901 0
1670483670073 0.0022849231027066708 0
1670483670417 0.002329855225980282 1
1670483670762 0.0033225063234567642 1
1670483671104 0.0025570858269929886 2
1670483671445 0.002167757134884596 2
1670483671784 0.0026358531322330236 3
1670483672126 0.0022776846308261156 3
1670483672467 0.00284986081533134 4
1670483672808 0.002793132094666362 4
1670483673148 0.002492204075679183 5
1670483673487 0.002107782056555152 5
1670483673846 0.002636440796777606 6
1670483674185 0.002771292580291629 6
1670483674524 0.00204091751947999 7
1670483674867 0.0021102444734424353 7
1670483675208 0.002497429959475994 8
1670483675551 0.0021866431925445795 8
1670483675891 0.0022449230309575796 9
1670483676232 0.0026640640571713448 9
1670483676574 0.003718792460858822 10
1670483676916 0.00220469874329865 10
1670483677257 0.0031276829540729523 11
1670483677598 0.003487102687358856 11
1670483677941 0.0022630426101386547 12
1670483678300 0.002191757783293724 12
1670483678641 0.002431493951007724 13
1670483678981 0.002545710885897279 13
1670483679324 0.002244754461571574 14
1670483679663 0.002500917762517929 14
1670483680005 0.0026839941274374723 15
1670483680345 0.002785012824460864 15
1670483680689 0.0019243106944486499 16
1670483681030 0.0025967916008085012 16
1670483681374 0.002735887188464403 17
1670483681715 0.003095715306699276 17
1670483682053 0.002589870011433959 18
1670483682393 0.002081328770145774 18
1670483682733 0.002456378424540162 19
1670483683075 0.0021146326325833797 19
1670483683415 0.0018605997320264578 20
1670483683774 0.0033258467447012663 20
1670483684113 0.0027877967804670334 21
1670483684451 0.0020703545305877924 21
1670483684791 0.001941834343597293 22
1670483685129 0.002069601323455572 22
1670483685470 0.0034055854193866253 23
1670483685808 0.002139021409675479 23
1670483686147 0.002606813795864582 24
1670483686486 0.002837525214999914 24
1670483686825 0.002302844077348709 25
1670483687166 0.0021009519696235657 25
1670483687507 0.0030210751574486494 26
1670483687844 0.002613513497635722 26
1670483688184 0.0027164495550096035 27
1670483688523 0.0026344582438468933 27
1670483688862 0.002686239778995514 28
1670483689201 0.0026844663079828024 28
1670483689540 0.002700820565223694 29
1670483689884 0.0022798432037234306 29
1670483690228 0.0020042909309267998 30
1670483690573 0.0024095247499644756 30
1670483690912 0.0030255743768066168 31
1670483691266 0.002579808235168457 31
1670483691608 0.002583881374448538 32
1670483691947 0.0024329284206032753 32
1670483692288 0.002863320056349039 33
1670483692627 0.003031689440831542 33
1670483692968 0.002814521547406912 34
1670483693308 0.004000655375421047 34
1670483693649 0.002516839886084199 35
1670483693990 0.00289510702714324 35
1670483694332 0.00322480290196836 36
1670483694673 0.0018147984519600868 36
1670483695012 0.003598170354962349 37
1670483695354 0.002635267097502947 37
1670483695695 0.0026054882910102606 38
1670483696035 0.0026652440428733826 38
1670483696376 0.0030064384918659925 39
1670483696716 0.002391331596300006 39
1670483697056 0.0024179364554584026 40
1670483697398 0.0021102416794747114 40
1670483697736 0.0024372218176722527 41
1670483698075 0.002620067447423935 41
1670483698414 0.003155101090669632 42
1670483698752 0.0022367758210748434 42
1670483699092 0.0025784855242818594 43
1670483699432 0.0039039677940309048 43
1670483699773 0.0021943754982203245 44
1670483700111 0.0023949819151312113 44
1670483700449 0.003029653336852789 45
1670483700789 0.0027547944337129593 45
1670483701129 0.0036501321010291576 46
1670483701467 0.0027976064011454582 46
1670483701810 0.0026368279941380024 47
1670483702172 0.0019334135577082634 47
1670483702511 0.0027345200069248676 48
1670483702852 0.0019696138333529234 48
1670483703195 0.0028394253458827734 49
1670483703536 0.003491136711090803 49
1670483703878 0.002272270852699876 50
1670483704404 0.002215753775089979 50
1670483704743 0.0023521592374891043 51
1670483705083 0.0021217362955212593 51
1670483705423 0.003359331516548991 52
1670483705763 0.001892543165013194 52
1670483706104 0.0033666929230093956 53
1670483706446 0.003064526244997978 53
1670483706787 0.002083991188555956 54
1670483707129 0.0022095181047916412 54
1670483707469 0.0030714988242834806 55
1670483707806 0.00310402805916965 55
1670483708147 0.0025150394067168236 56
1670483708487 0.0023461123928427696 56
1670483708829 0.0023051495663821697 57
1670483709167 0.0032322504557669163 57
1670483709507 0.0031109019182622433 58
1670483709848 0.002753926208242774 58
1670483710188 0.0020937370136380196 59
1670483710528 0.0028090723790228367 59
1670483710871 0.002066850895062089 60
1670483711212 0.0033094692043960094 60
1670483711553 0.0031345279421657324 61
1670483711895 0.00325053371489048 61
1670483712241 0.002422005869448185 62
1670483712583 0.0022453018464148045 62
1670483712925 0.0024923724122345448 63
1670483713265 0.0024699035566300154 63
1670483713605 0.0024603025522083044 64
1670483713947 0.001902042655274272 64
1670483714288 0.001716085011139512 65
1670483714629 0.002769600600004196 65
1670483714969 0.002776029519736767 66
1670483715312 0.003343777498230338 66
1670483715651 0.0027197920717298985 67
1670483715992 0.0031385510228574276 67
1670483716334 0.0023230554070323706 68
1670483716674 0.0031074220314621925 68
1670483717015 0.0027197774033993483 69
1670483717356 0.0026858923956751823 69
1670483717699 0.0028713075444102287 70
1670483718044 0.003537234617397189 70
1670483718385 0.0024104162584990263 71
1670483718727 0.00256941094994545 71
1670483719070 0.0021347966976463795 72
1670483719413 0.0029176368843764067 72
1670483719752 0.0023545916192233562 73
1670483720095 0.0025543554220348597 73
1670483720437 0.002154960762709379 74
1670483720776 0.0024198628962039948 74
1670483721117 0.0021284138783812523 75
1670483721456 0.0016550201689824462 75
1670483721798 0.0019280676497146487 76
1670483722137 0.002728723455220461 76
1670483722479 0.0029340083710849285 77
1670483722819 0.0020677978172898293 77
1670483723161 0.003359981579706073 78
1670483723503 0.002241297625005245 78
1670483723849 0.0027686823159456253 79
1670483724189 0.0026843324303627014 79
1670483724528 0.0026515573263168335 80
1670483724871 0.002780735492706299 80
1670483725212 0.002985971746966243 81
1670483725551 0.002835096325725317 81
1670483725890 0.0022192569449543953 82
1670483726228 0.002383654471486807 82
1670483726567 0.0024338443763554096 83
1670483726906 0.002055439166724682 83
1670483727247 0.0021050884388387203 84
1670483727587 0.0018457602709531784 84
1670483727928 0.00187667366117239 85
1670483728267 0.002156440168619156 85
1670483728606 0.003366855438798666 86
1670483728948 0.002260881243273616 86
1670483729288 0.0023593013174831867 87
1670483729631 0.002218835521489382 87
1670483729972 0.003004029393196106 88
1670483730314 0.0026057446375489235 88
1670483730654 0.0030022813007235527 89
1670483730993 0.002827979391440749 89
1670483731334 0.00221132580190897 90
1670483731677 0.0035491110756993294 90
1670483732017 0.002097363118082285 91
1670483732359 0.002235851250588894 91
1670483732703 0.0029265766497701406 92
1670483733046 0.0024597947485744953 92
1670483733388 0.0018669719574972987 93
1670483733730 0.0024678281042724848 93
1670483734071 0.0022882556077092886 94
1670483734412 0.0014485472347587347 94
1670483734753 0.003096939530223608 95
1670483735093 0.0015872251242399216 95
1670483735434 0.002331020077690482 96
1670483735773 0.0023084068670868874 96
1670483736115 0.0034582882653921843 97
1670483736462 0.0019336569821462035 97
1670483736804 0.0033808413427323103 98
1670483737143 0.002551719546318054 98
1670483737484 0.0029857493937015533 99
1670483737825 0.0019742087461054325 99
1670483738197 0.0024227513931691647 100
1670483738724 0.0028948108665645123 100
1670483739062 0.00234618061222136 101
1670483739405 0.002343100029975176 101
1670483739746 0.0017438288778066635 102
1670483740088 0.0022358493879437447 102
1670483740432 0.0029598884284496307 103
1670483740775 0.002354565542191267 103
1670483741116 0.0028194335754960775 104
1670483741458 0.002189262304455042 104
1670483741798 0.002290823496878147 105
1670483742140 0.0027020841371268034 105
1670483742489 0.002103914273902774 106
1670483742829 0.002303566550835967 106
1670483743167 0.003084339667111635 107
1670483743507 0.0028503192588686943 107
1670483743848 0.00363385071977973 108
1670483744191 0.0024411443155258894 108
1670483744531 0.0019262318965047598 109
1670483744871 0.0025116060860455036 109
1670483745211 0.002370615256950259 110
1670483745553 0.0022059809416532516 110
1670483745893 0.003028001170605421 111
1670483746236 0.002630258910357952 111
1670483746576 0.0019967800471931696 112
1670483746920 0.0026622223667800426 112
1670483747261 0.0025162508245557547 113
1670483747605 0.0027458106633275747 113
1670483747945 0.002118677832186222 114
1670483748286 0.0019802358001470566 114
1670483748627 0.0028125052340328693 115
1670483748967 0.0019684673752635717 115
1670483749309 0.002249209675937891 116
1670483749649 0.002731529762968421 116
1670483749991 0.0020796838216483593 117
1670483750332 0.0021465138997882605 117
1670483750675 0.002429486019536853 118
1670483751016 0.002663513645529747 118
1670483751362 0.002966006752103567 119
1670483751705 0.0027313053142279387 119
1670483752045 0.0023821506183594465 120
1670483752386 0.002624599263072014 120
1670483752726 0.0024205027148127556 121
1670483753067 0.0024568119551986456 121
1670483753413 0.003508007852360606 122
1670483753757 0.0017780107446014881 122
1670483754100 0.001929262070916593 123
1670483754442 0.00257436977699399 123
1670483754781 0.0026947297155857086 124
1670483755121 0.002595620695501566 124
1670483755461 0.0028716139495372772 125
1670483755801 0.002753500360995531 125
1670483756142 0.0022786366753280163 126
1670483756480 0.0019514322048053145 126
1670483756818 0.0025509523693472147 127
1670483757158 0.0025225067511200905 127
1670483757498 0.002436703070998192 128
1670483757838 0.002576707862317562 128
1670483758180 0.0028410302475094795 129
1670483758520 0.002560134045779705 129
1670483758862 0.0028760330751538277 130
1670483759201 0.0025780934374779463 130
1670483759540 0.0023381938226521015 131
1670483759880 0.0027068746276199818 131
1670483760221 0.0017155418172478676 132
1670483760560 0.0029370244592428207 132
1670483760902 0.002544941147789359 133
1670483761242 0.0022660894319415092 133
1670483761582 0.0023322550114244223 134
1670483761923 0.0027254929300397635 134
1670483762264 0.003316755872219801 135
1670483762603 0.002654194599017501 135
1670483762942 0.0029556124936789274 136
1670483763282 0.0021706605330109596 136
1670483763622 0.0021528643555939198 137
1670483763961 0.002438928931951523 137
1670483764302 0.0022402319591492414 138
1670483764643 0.0024892748333513737 138
1670483764983 0.0030151153914630413 139
1670483765328 0.0029701548628509045 139
1670483765672 0.002591949189081788 140
1670483766010 0.0022769346833229065 140
1670483766356 0.002526884665712714 141
1670483766699 0.003362666815519333 141
1670483767038 0.0024597905576229095 142
1670483767378 0.002441036980599165 142
1670483767719 0.0028657615184783936 143
1670483768060 0.003002564189955592 143
1670483768401 0.0027210316620767117 144
1670483768741 0.002411971101537347 144
1670483769085 0.0023764276411384344 145
1670483769425 0.0028402884490787983 145
1670483769767 0.003000000026077032 146
1670483770108 0.002524937968701124 146
1670483770450 0.002568010939285159 147
1670483770792 0.0030359241645783186 147
1670483771132 0.0017659836448729038 148
1670483771472 0.0021444838494062424 148
1670483771815 0.003163851797580719 149
1670483772157 0.0027395528741180897 149
1670483772516 0.0023324117064476013 150
1670483773047 0.002034880919381976 150
1670483773391 0.0027187145315110683 151
1670483773732 0.0018614836735650897 151
1670483774074 0.002729088068008423 152
1670483774417 0.0024893423542380333 152
1670483774763 0.002594413235783577 153
1670483775107 0.002918751910328865 153
1670483775448 0.002592837205156684 154
1670483775788 0.0028542312793433666 154
1670483776131 0.002448593033477664 155
1670483776473 0.0025788105558604 155
1670483776815 0.0021927228663116693 156
1670483777158 0.002720339223742485 156
1670483777498 0.002564358292147517 157
1670483777841 0.002747146412730217 157
1670483778184 0.0027902773581445217 158
1670483778524 0.0023987276945263147 158
1670483778863 0.002666471991688013 159
1670483779203 0.0023041763342916965 159
1670483779545 0.0030055129900574684 160
1670483779887 0.0021421858109533787 160
1670483780230 0.0022558276541531086 161
1670483780572 0.0023342787753790617 161
1670483780914 0.002805285155773163 162
1670483781257 0.002625761553645134 162
1670483781600 0.0021580690518021584 163
1670483781941 0.003201315877959132 163
1670483782284 0.0019109693821519613 164
1670483782625 0.0021297037601470947 164
1670483782966 0.0020611730869859457 165
1670483783307 0.0021178103052079678 165
1670483783649 0.0020358983892947435 166
1670483783988 0.0031763275619596243 166
1670483784329 0.002032778225839138 167
1670483784670 0.0016351275844499469 167
1670483785011 0.002435996662825346 168
1670483785352 0.002658506855368614 168
1670483785690 0.003157304599881172 169
1670483786029 0.0026186546310782433 169
1670483786369 0.0019957050681114197 170
1670483786714 0.002419509692117572 170
1670483787054 0.0023011064622551203 171
1670483787392 0.0024165338836610317 171
1670483787733 0.0018052884843200445 172
1670483788075 0.002596059115603566 172
1670483788415 0.0023616193793714046 173
1670483788759 0.0024484724272042513 173
1670483789101 0.0029035452753305435 174
1670483789441 0.002969316905364394 174
1670483789782 0.002959742909297347 175
1670483790125 0.0020678858272731304 175
1670483790467 0.002602784661576152 176
1670483790807 0.0024304219987243414 176
1670483791149 0.0028557442128658295 177
1670483791490 0.0024775175843387842 177
1670483791832 0.00241446727886796 178
1670483792174 0.002285352675244212 178
1670483792513 0.002538838889449835 179
1670483792853 0.0024160798639059067 179
1670483793193 0.0024327742867171764 180
1670483793536 0.001737901708111167 180
1670483793877 0.002947632223367691 181
1670483794221 0.0038041367661207914 181
1670483794567 0.0022517459001392126 182
1670483794909 0.003000546246767044 182
1670483795251 0.0021850611083209515 183
1670483795592 0.0027520309668034315 183
1670483795935 0.0020230580121278763 184
1670483796276 0.0022784436587244272 184
1670483796616 0.0021252871956676245 185
1670483796955 0.002816521329805255 185
1670483797294 0.003250292968004942 186
1670483797636 0.002489120466634631 186
1670483797973 0.0023406893014907837 187
1670483798313 0.0031467683147639036 187
1670483798653 0.0029008234851062298 188
1670483798994 0.0024720297660678625 188
1670483799332 0.0023439445067197084 189
1670483799672 0.0025176904164254665 189
1670483800014 0.0031240961980074644 190
1670483800354 0.002945397747680545 190
1670483800695 0.0022910095285624266 191
1670483801037 0.0023686736822128296 191
1670483801380 0.0016741687431931496 192
1670483801723 0.002429395914077759 192
1670483802065 0.0026232940144836903 193
1670483802407 0.0024928641505539417 193
1670483802749 0.002766916062682867 194
1670483803089 0.001384380622766912 194
1670483803432 0.0031089901458472013 195
1670483803773 0.0028511243872344494 195
1670483804114 0.002603613305836916 196
1670483804454 0.00348815880715847 196
1670483804795 0.002959431614726782 197
1670483805134 0.0019656706135720015 197
1670483805477 0.002649115165695548 198
1670483805817 0.0021842014975845814 198
1670483806158 0.002188856713473797 199
1670483806499 0.002658640965819359 199
1670483806872 0.0028641836252063513 200
1670483807398 0.0034802816808223724 200
1670483807737 0.0019641313701868057 201
1670483808078 0.0027235436718910933 201
1670483808417 0.0023861124645918608 202
1670483808757 0.002810264006257057 202
1670483809100 0.0032728854566812515 203
1670483809439 0.001767922192811966 203
1670483809780 0.0021042521111667156 204
1670483810123 0.002160354284569621 204
1670483810463 0.002650088630616665 205
1670483810804 0.002352900803089142 205
1670483811144 0.002204851247370243 206
1670483811485 0.0022804192267358303 206
1670483811829 0.0030142292380332947 207
1670483812172 0.0022462564520537853 207
1670483812513 0.0027989111840724945 208
1670483812853 0.0017506263684481382 208
1670483813193 0.0020862899255007505 209
1670483813535 0.00393194705247879 209
1670483813879 0.0022242399863898754 210
1670483814219 0.0029772575944662094 210
1670483814559 0.0022425749339163303 211
1670483814903 0.002590589690953493 211
1670483815247 0.0034141025971621275 212
1670483815591 0.00222444417886436 212
1670483815932 0.0022468806710094213 213
1670483816272 0.002500687725841999 213
1670483816615 0.0022206208668649197 214
1670483816955 0.0028855372220277786 214
1670483817295 0.0030220486223697662 215
1670483817637 0.0024802207481116056 215
1670483817980 0.002595603233203292 216
1670483818320 0.002458281582221389 216
1670483818661 0.0035726968199014664 217
1670483819000 0.002304869471117854 217
1670483819342 0.002476078923791647 218
1670483819683 0.0030447272583842278 218
1670483820025 0.0027773797046393156 219
1670483820364 0.00286947563290596 219
1670483820704 0.003207372035831213 220
1670483821048 0.0032037608325481415 220
1670483821391 0.0020320189651101828 221
1670483821733 0.0022173214238137007 221
1670483822075 0.002418896183371544 222
1670483822416 0.002839481458067894 222
1670483822762 0.002934359712526202 223
1670483823105 0.0022833512630313635 223
1670483823447 0.002350196009501815 224
1670483823793 0.002563066314905882 224
1670483824139 0.0027743810787796974 225
1670483824481 0.002060940954834223 225
1670483824824 0.0023311148397624493 226
1670483825166 0.0023743805941194296 226
1670483825507 0.002421578159555793 227
1670483825851 0.0021776040084660053 227
1670483826195 0.0024519283324480057 228
1670483826539 0.002311779884621501 228
1670483826881 0.0018908120691776276 229
1670483827230 0.0022663918789476156 229
1670483827573 0.0022248695604503155 230
1670483827920 0.0024892115034163 230
1670483828260 0.002204516902565956 231
1670483828601 0.0018545847851783037 231
1670483828943 0.0025157546624541283 232
1670483829284 0.002796843647956848 232
1670483829625 0.002382005099207163 233
1670483829965 0.002894485369324684 233
1670483830307 0.002089498098939657 234
1670483830648 0.002623057458549738 234
1670483830988 0.002157116774469614 235
1670483831329 0.0025194340851157904 235
1670483831667 0.0028558026533573866 236
1670483832009 0.0020797718316316605 236
1670483832351 0.002202612115070224 237
1670483832694 0.0029185775201767683 237
1670483833035 0.002426189137622714 238
1670483833378 0.002937095705419779 238
1670483833719 0.002219471149146557 239
1670483834062 0.0022345713805407286 239
1670483834406 0.0022255179937928915 240
1670483834749 0.0022729546763002872 240
1670483835093 0.003595378017053008 241
1670483835433 0.0025417786091566086 241
1670483835774 0.0032152030616998672 242
1670483836117 0.0021204613149166107 242
1670483836459 0.0022706501185894012 243
1670483836800 0.002445200690999627 243
1670483837141 0.0023587876930832863 244
1670483837483 0.0026476054918020964 244
1670483837826 0.002220010384917259 245
1670483838170 0.0017826230032369494 245
1670483838513 0.002794383792206645 246
1670483838856 0.0031775357201695442 246
1670483839201 0.0023395302705466747 247
1670483839545 0.0021162573248147964 247
1670483839884 0.0024358006194233894 248
1670483840226 0.0023262742906808853 248
1670483840568 0.002285958267748356 249
1670483840908 0.0025300898123532534 249
1670483841248 0.0029334011487662792 250
1670483893123 0.0021306946873664856 250
1670483893467 0.002355208620429039 251
1670483893808 0.0029222730081528425 251
1670483894151 0.0037483125925064087 252
1670483894492 0.003532680682837963 252
1670483894834 0.002111006760969758 253
1670483895175 0.0026033208705484867 253
1670483895515 0.002527707489207387 254
1670483895856 0.0023474397603422403 254
1670483896200 0.0032739918678998947 255
1670483896539 0.003032991196960211 255
1670483896879 0.0019213203340768814 256
1670483897218 0.0031873255502432585 256
1670483897558 0.002238054759800434 257
1670483897900 0.0028353098314255476 257
1670483898243 0.00216238247230649 258
1670483898583 0.0029749483801424503 258
1670483898925 0.0032783281058073044 259
1670483899264 0.0023293166887015104 259
1670483899605 0.0025986952241510153 260
1670483899949 0.0025315487291663885 260
1670483900290 0.003342731622979045 261
1670483900632 0.002510609570890665 261
1670483900975 0.0024897041730582714 262
1670483901316 0.002083229599520564 262
1670483901660 0.0019661267288029194 263
1670483902002 0.002509920159354806 263
1670483902343 0.0018719257786870003 264
1670483902685 0.002402422484010458 264
1670483903028 0.003843102604150772 265
1670483903372 0.0025565430987626314 265
1670483903721 0.0031872985418885946 266
1670483904062 0.0026069392915815115 266
1670483904403 0.0033332440070807934 267
1670483904744 0.002259018598124385 267
1670483905086 0.002372872084379196 268
1670483905428 0.002224724041298032 268
1670483905770 0.0024568368680775166 269
1670483906111 0.0031003186013549566 269
1670483906453 0.002206964883953333 270
1670483906796 0.0022887862287461758 270
1670483907140 0.0021147578954696655 271
1670483907481 0.003158427542075515 271
1670483907827 0.002325828652828932 272
1670483908170 0.0023233946412801743 272
1670483908515 0.001947939395904541 273
1670483908857 0.001965181902050972 273
1670483909199 0.002848433330655098 274
1670483909538 0.0021928304340690374 274
1670483909883 0.002790020313113928 275
1670483910223 0.0021438696421682835 275
1670483910567 0.002788530196994543 276
1670483910908 0.002191477920860052 276
1670483911252 0.0027122653555125 277
1670483911591 0.0016376310959458351 277
1670483911932 0.002017915714532137 278
1670483912272 0.00231095589697361 278
1670483912614 0.0024479690473526716 279
1670483912954 0.0023128478787839413 279
1670483913293 0.003071475774049759 280
1670483913633 0.0028760950081050396 280
1670483913974 0.0016943828668445349 281
1670483914317 0.0024600375909358263 281
1670483914656 0.0034147927071899176 282
1670483914997 0.0032819686457514763 282
1670483915337 0.0024899975396692753 283
1670483915678 0.0031089107505977154 283
1670483916021 0.002349656540900469 284
1670483916362 0.0030498714186251163 284
1670483916704 0.002958713099360466 285
1670483917045 0.0022432454861700535 285
1670483917388 0.0022605143021792173 286
1670483917729 0.00224342686124146 286
1670483918071 0.0018559617456048727 287
1670483918413 0.0031608142890036106 287
1670483918757 0.0026283040642738342 288
1670483919101 0.0029521759133785963 288
1670483919442 0.002582686487585306 289
1670483919784 0.002563231624662876 289
1670483920127 0.0030186425428837538 290
1670483920468 0.0024855551309883595 290
1670483920808 0.0018212314462289214 291
1670483921148 0.00249101803638041 291
1670483921487 0.0021751378662884235 292
1670483921828 0.002761382143944502 292
1670483922170 0.0031235087662935257 293
1670483922511 0.002559751272201538 293
1670483922852 0.0017753085121512413 294
1670483923191 0.0027440800331532955 294
1670483923532 0.0023244281765073538 295
1670483923875 0.002535180188715458 295
1670483924217 0.002278828527778387 296
1670483924577 0.0023545478470623493 296
1670483924918 0.0028805311303585768 297
1670483925258 0.002853016136214137 297
1670483925596 0.0026484173722565174 298
1670483925935 0.0018165971850976348 298
1670483926276 0.0038791242986917496 299
1670483926619 0.002568955533206463 299
1670483926993 0.0022059017792344093 300
1670483927520 0.0027546898927539587 300
1670483927864 0.002593469340354204 301
