1670624500266 7.1150641441345215 0
1670624514576 7.298611164093018 1
1670624514776 7.43935489654541 2
1670624514976 7.613101959228516 3
1670624515174 7.880618095397949 4
1670624515374 8.149181365966797 5
1670624515573 8.52414608001709 6
1670624515772 8.880452156066895 7
1670624515970 9.466704368591309 8
1670624516169 10.1018648147583 9
1670624516367 10.550705909729004 10
1670624516564 10.33332633972168 11
1670624516760 10.399618148803711 12
1670624516959 10.299320220947266 13
1670624517157 10.043903350830078 14
1670624517355 10.374544143676758 15
1670624517550 10.094194412231445 16
1670624517749 10.128334045410156 17
1670624517946 10.0671968460083 18
1670624518143 10.36461353302002 19
1670624518340 10.62772274017334 20
1670624518542 10.884490966796875 21
1670624518743 10.77230167388916 22
1670624518943 10.982269287109375 23
1670624519141 10.890408515930176 24
1670624519340 10.85634708404541 25
1670624519538 10.875920295715332 26
1670624519738 10.978913307189941 27
1670624519938 10.89560317993164 28
1670624520136 10.953909873962402 29
1670624520334 11.092045783996582 30
1670624520533 10.848275184631348 31
1670624520735 10.922528266906738 32
1670624520931 11.0872220993042 33
1670624521132 10.979759216308594 34
1670624521334 10.972808837890625 35
1670624521532 11.19344711303711 36
1670624521732 10.711523056030273 37
1670624521933 11.275102615356445 38
1670624522132 11.188241958618164 39
1670624522332 11.05708122253418 40
1670624522535 11.232319831848145 41
1670624522736 11.480097770690918 42
1670624522936 11.323098182678223 43
1670624523136 11.179076194763184 44
1670624523336 11.097960472106934 45
1670624523535 11.217123031616211 46
1670624523735 11.04709529876709 47
1670624523935 11.29673957824707 48
1670624524135 11.295426368713379 49
1670624524334 11.290143013000488 50
1670624524532 11.350378036499023 51
1670624524733 11.200650215148926 52
1670624524937 11.2008695602417 53
1670624525137 11.502212524414062 54
1670624525337 11.427532196044922 55
1670624525537 11.342666625976562 56
1670624525738 11.31484317779541 57
1670624525939 11.269669532775879 58
1670624526138 11.59285831451416 59
1670624526339 11.293622016906738 60
1670624526540 11.316539764404297 61
1670624526741 11.30151081085205 62
1670624526940 11.465300559997559 63
1670624527140 11.221660614013672 64
1670624527339 11.299389839172363 65
1670624527539 11.32888126373291 66
1670624527738 11.355021476745605 67
1670624527937 11.485186576843262 68
1670624528136 11.290894508361816 69
1670624528335 11.472399711608887 70
1670624528535 11.605921745300293 71
1670624528734 11.589649200439453 72
1670624528934 11.503280639648438 73
1670624529133 11.534219741821289 74
1670624529333 11.574697494506836 75
1670624529533 11.639983177185059 76
1670624529732 11.673578262329102 77
1670624529930 11.57158088684082 78
1670624530130 11.728517532348633 79
1670624530329 11.540306091308594 80
1670624530533 11.723697662353516 81
1670624530735 11.703405380249023 82
1670624530933 11.71932315826416 83
1670624531132 11.908647537231445 84
1670624531330 11.7728853225708 85
1670624531529 11.739592552185059 86
1670624531728 11.734307289123535 87
1670624531927 11.787352561950684 88
1670624532126 11.872842788696289 89
1670624532327 11.79101276397705 90
1670624532525 12.023240089416504 91
1670624532724 12.221067428588867 92
1670624532922 12.050292015075684 93
1670624533122 12.233025550842285 94
1670624533321 12.026658058166504 95
1670624533519 12.031312942504883 96
1670624533718 12.027297019958496 97
1670624533915 12.08280086517334 98
1670624534113 12.22729778289795 99
1670624534379 12.445940017700195 100
1670624534681 12.31545639038086 101
1670624534880 12.504230499267578 102
1670624535078 12.298941612243652 103
1670624535277 12.729829788208008 104
1670624535474 12.53756046295166 105
1670624535671 12.383193016052246 106
1670624539800 7.1150641441345215 0
