1670624500266 0.1943092942237854 0
1670624514576 0.18626825511455536 1
1670624514776 0.1803285777568817 2
1670624514976 0.17325660586357117 3
1670624515174 0.16290642321109772 4
1670624515374 0.15313762426376343 5
1670624515573 0.14047057926654816 6
1670624515772 0.12940610945224762 7
1670624515970 0.11306534707546234 8
1670624516169 0.09768178313970566 9
1670624516367 0.08809058368206024 10
1670624516564 0.09261201322078705 11
1670624516760 0.09120910614728928 12
1670624516959 0.09334003925323486 13
1670624517157 0.0989941880106926 14
1670624517355 0.09173722565174103 15
1670624517550 0.09785443544387817 16
1670624517749 0.09708823263645172 17
1670624517946 0.09846463799476624 18
1670624518143 0.09194722026586533 19
1670624518340 0.08654217422008514 20
1670624518542 0.08157382905483246 21
1670624518743 0.08370854705572128 22
1670624518943 0.07975777983665466 23
1670624519141 0.08146277070045471 24
1670624519340 0.08210419118404388 25
1670624519538 0.08173497766256332 26
1670624519738 0.0798194408416748 27
1670624519938 0.08136539906263351 28
1670624520136 0.08028028905391693 29
1670624520334 0.077767014503479 30
1670624520533 0.08225693553686142 31
1670624520735 0.08086250722408295 32
1670624520931 0.07785344123840332 33
1670624521132 0.07980389893054962 34
1670624521334 0.07993169873952866 35
1670624521532 0.0759723037481308 36
1670624521732 0.0848882645368576 37
1670624521933 0.07455722987651825 38
1670624522132 0.07606340944766998 39
1670624522332 0.07839562743902206 40
1670624522535 0.07529531419277191 41
1670624522736 0.0711197555065155 42
1670624522936 0.07373779267072678 43
1670624523136 0.07622411102056503 44
1670624523336 0.0776611715555191 45
1670624523535 0.07555925101041794 46
1670624523735 0.07857611030340195 47
1670624523935 0.07418671250343323 48
1670624524135 0.07420913875102997 49
1670624524334 0.07429946959018707 50
1670624524532 0.07327607274055481 51
1670624524733 0.07584639638662338 52
1670624524937 0.07584258168935776 53
1670624525137 0.07075851410627365 54
1670624525337 0.07198578119277954 55
1670624525537 0.07340629398822784 56
1670624525738 0.07387807965278625 57
1670624525939 0.07465054839849472 58
1670624526138 0.06929697096347809 59
1670624526339 0.07423996925354004 60
1670624526540 0.07384923845529556 61
1670624526741 0.07410523295402527 62
1670624526940 0.07136248052120209 63
1670624527140 0.07548036426305771 64
1670624527339 0.07414144277572632 65
1670624527539 0.07363967597484589 66
1670624527738 0.07319776713848114 67
1670624527937 0.0710364580154419 68
1670624528136 0.07428662478923798 69
1670624528335 0.07124592363834381 70
1670624528535 0.06908881664276123 71
1670624528734 0.06934818625450134 72
1670624528934 0.07074113190174103 73
1670624529133 0.07023894041776657 74
1670624529333 0.069587342441082 75
1670624529533 0.06854908913373947 76
1670624529732 0.06802086532115936 77
1670624529930 0.06963730603456497 78
1670624530130 0.067165806889534 79
1670624530329 0.07014058530330658 80
1670624530533 0.06724037975072861 81
1670624530735 0.06755530089139938 82
1670624530933 0.06730815768241882 83
1670624531132 0.06443698704242706 84
1670624531330 0.06648312509059906 85
1670624531529 0.06699475646018982 86
1670624531728 0.06707632541656494 87
1670624531927 0.06626202911138535 88
1670624532126 0.06497043371200562 89
1670624532327 0.0662062019109726 90
1670624532525 0.06275899708271027 91
1670624532724 0.0599643737077713 92
1670624532922 0.062369294464588165 93
1670624533122 0.059799473732709885 94
1670624533321 0.06270962953567505 95
1670624533519 0.06264244019985199 96
1670624533718 0.06270040571689606 97
1670624533915 0.06190415844321251 98
1670624534113 0.0598784014582634 99
1670624534379 0.056938495486974716 100
1670624534681 0.058675166219472885 101
1670624534880 0.056179385632276535 102
1670624535078 0.05889870226383209 103
1670624535277 0.053335584700107574 104
1670624535474 0.05574987828731537 105
1670624535671 0.0577671155333519 106
1670624539800 0.1943092942237854 0
