1670202405571 0.1983412206172943 0
1670202419599 0.1895798295736313 0
1670202419796 0.18220767378807068 0
1670202419991 0.17631465196609497 0
1670202420187 0.1664348691701889 0
1670202420382 0.1570967137813568 0
1670202420577 0.14592811465263367 0
1670202420771 0.1299857348203659 0
1670202420965 0.11546266078948975 0
1670202421160 0.10134617984294891 0
1670202421358 0.09027513116598129 0
1670202421552 0.09320365637540817 0
1670202421746 0.08720361441373825 0
1670202421939 0.09259533882141113 0
1670202422132 0.09195112437009811 0
1670202422324 0.09743684530258179 0
1670202422518 0.09927789866924286 0
1670202422711 0.09870904684066772 0
1670202422905 0.0910876989364624 0
1670202423098 0.08987930417060852 0
1670202423292 0.08594056963920593 0
1670202423489 0.0823090672492981 0
1670202423684 0.08312984555959702 0
1670202423879 0.08486796915531158 0
1670202424072 0.08261042088270187 0
1670202424267 0.08225801587104797 0
1670202424461 0.0822746753692627 0
1670202424655 0.08318266272544861 0
1670202424850 0.08222125470638275 0
1670202425046 0.08128780871629715 0
1670202425241 0.0830535963177681 0
1670202425435 0.0775279551744461 0
1670202425630 0.08194147795438766 0
1670202425825 0.07571344077587128 0
1670202426019 0.07976885139942169 0
1670202426214 0.07799156755208969 0
1670202426409 0.0768100917339325 0
1670202426603 0.07489629834890366 0
1670202426796 0.07879699021577835 0
1670202426990 0.07459324598312378 0
1670202427185 0.07849524915218353 0
1670202427381 0.07530046999454498 0
1670202427578 0.0770401656627655 0
1670202427776 0.07634024322032928 0
1670202427971 0.0753353163599968 0
1670202428166 0.07555185258388519 0
1670202428361 0.07724262773990631 0
1670202428556 0.07676023989915848 0
1670202428751 0.07764171808958054 0
1670202428947 0.07319335639476776 0
1670202429142 0.077860526740551 0
1670202429338 0.074951171875 0
1670202429533 0.074239581823349 0
1670202429728 0.07707537710666656 0
1670202429923 0.0723399668931961 0
1670202430118 0.07667531073093414 0
1670202430314 0.0772162675857544 0
1670202430511 0.07718893885612488 0
1670202430707 0.0716937854886055 0
1670202430903 0.07644422352313995 0
1670202431098 0.07604554295539856 0
1670202431295 0.07218553125858307 0
1670202431490 0.07879023253917694 0
1670202431686 0.07809425890445709 0
1670202431881 0.07400704175233841 0
1670202432076 0.07179625332355499 0
1670202432272 0.07296507805585861 0
1670202432468 0.07420727610588074 0
1670202432664 0.07224559783935547 0
1670202432859 0.07228410243988037 0
1670202433055 0.06867043673992157 0
1670202433249 0.07274072617292404 0
1670202433444 0.07217776775360107 0
1670202433640 0.06912767887115479 0
1670202433835 0.07003428041934967 0
1670202434030 0.06998391449451447 0
1670202434227 0.06852209568023682 0
1670202434422 0.0683123990893364 0
1670202434619 0.06707985699176788 0
1670202434814 0.0724772959947586 0
1670202435008 0.06867410242557526 0
1670202435205 0.06975357234477997 0
1670202435401 0.06644346565008163 0
1670202435596 0.065983347594738 0
1670202435791 0.06893329322338104 0
1670202435987 0.06533589214086533 0
1670202436182 0.06722857058048248 0
1670202436380 0.06294705718755722 0
1670202436575 0.06549986451864243 0
1670202436770 0.06640502065420151 0
1670202436965 0.06400647014379501 0
1670202437161 0.06525371223688126 0
1670202437355 0.06486775726079941 0
1670202437551 0.05955089256167412 0
1670202437746 0.06578017771244049 0
1670202437940 0.05955846607685089 0
1670202438135 0.06311284750699997 0
1670202438329 0.06419672816991806 0
1670202438524 0.05951835960149765 0
1670202438720 0.06253313273191452 0
1670202438915 0.05889967828989029 0
1670202452923 0.05541180074214935 0
1670202453119 0.05813778564333916 0
1670202453320 0.058674901723861694 0
1670202453513 0.05882388353347778 0
1670202453710 0.05730040371417999 0
1670202453906 0.05734320729970932 0
1670202454101 0.058550767600536346 0
1670202454296 0.056549668312072754 0
1670202454492 0.05525049567222595 0
1670202454686 0.05482644960284233 0
1670202454880 0.05658596381545067 0
1670202455075 0.053720615804195404 0
1670202455269 0.05392923578619957 0
1670202455463 0.05465427041053772 0
1670202455657 0.05273118242621422 0
1670202455852 0.05285882204771042 0
1670202456046 0.0530976876616478 0
1670202456240 0.05198819562792778 0
1670202456435 0.05355561524629593 0
1670202456629 0.05094089359045029 0
1670202456829 0.05048790201544762 0
1670202457024 0.047526560723781586 0
1670202457220 0.052003007382154465 0
1670202457416 0.048647552728652954 0
1670202457611 0.045512519776821136 0
1670202457806 0.04674611985683441 0
1670202458000 0.04358969256281853 0
1670202458196 0.04337969422340393 0
1670202458391 0.0422862283885479 0
1670202458587 0.03883698582649231 0
1670202458782 0.03939468413591385 0
1670202458977 0.037609752267599106 0
1670202459171 0.03639619052410126 0
1670202459366 0.03652190417051315 0
1670202459560 0.03534539043903351 0
1670202459756 0.03692523390054703 0
1670202459950 0.03652530163526535 0
1670202460144 0.03527860715985298 0
1670202460339 0.029957786202430725 0
1670202460533 0.03350077196955681 0
1670202460730 0.03132694959640503 0
1670202460926 0.033320024609565735 0
1670202461121 0.03202168643474579 0
1670202461316 0.03335602581501007 0
1670202461510 0.031032394617795944 0
1670202461704 0.031079953536391258 0
1670202461898 0.030171899124979973 0
1670202462091 0.026801984757184982 0
1670202462286 0.029911799356341362 0
1670202462481 0.028876695781946182 0
1670202462678 0.028375811874866486 0
1670202462872 0.028736567124724388 0
1670202463067 0.027123302221298218 0
1670202463262 0.02789805829524994 0
1670202463456 0.026971489191055298 0
1670202463651 0.026826944202184677 0
1670202463846 0.02588188275694847 0
1670202464040 0.02602146565914154 0
1670202464236 0.024507638067007065 0
1670202464431 0.02512527070939541 0
1670202464628 0.02418917790055275 0
1670202464825 0.02358526550233364 0
1670202465020 0.025521546602249146 0
1670202465215 0.024862192571163177 0
1670202465409 0.023172888904809952 0
1670202465604 0.02255738526582718 0
1670202465799 0.023115545511245728 0
1670202465995 0.021399816498160362 0
1670202466190 0.020890530198812485 0
1670202466385 0.022159285843372345 0
1670202466581 0.020915016531944275 0
1670202466776 0.02109457179903984 0
1670202466971 0.021807795390486717 0
1670202467165 0.02103513479232788 0
