1670202405571 7.025869846343994 0
1670202419599 7.222078323364258 0
1670202419796 7.394333839416504 0
1670202419991 7.537116050720215 0
1670202420187 7.787557125091553 0
1670202420382 8.038328170776367 0
1670202420577 8.358610153198242 0
1670202420771 8.861043930053711 0
1670202420965 9.37558364868164 0
1670202421160 9.941926002502441 0
1670202421358 10.444317817687988 0
1670202421552 10.305670738220215 0
1670202421746 10.594654083251953 0
1670202421939 10.33410930633545 0
1670202422132 10.364428520202637 0
1670202422324 10.112767219543457 0
1670202422518 10.031474113464355 0
1670202422711 10.056429862976074 0
1670202422905 10.405402183532715 0
1670202423098 10.46340274810791 0
1670202423292 10.6580171585083 0
1670202423489 10.8455228805542 0
1670202423684 10.802430152893066 0
1670202423879 10.71256160736084 0
1670202424072 10.829651832580566 0
1670202424267 10.848217964172363 0
1670202424461 10.84733772277832 0
1670202424655 10.799671173095703 0
1670202424850 10.850159645080566 0
1670202425046 10.899744987487793 0
1670202425241 10.806414604187012 0
1670202425435 11.105416297912598 0
1670202425630 10.864961624145508 0
1670202425825 11.208269119262695 0
1670202426019 10.98166561126709 0
1670202426214 11.079524040222168 0
1670202426409 11.145816802978516 0
1670202426603 11.255395889282227 0
1670202426796 11.034903526306152 0
1670202426990 11.273004531860352 0
1670202427185 11.051565170288086 0
1670202427381 11.232023239135742 0
1670202427578 11.132828712463379 0
1670202427776 11.172465324401855 0
1670202427971 11.230013847351074 0
1670202428166 11.217548370361328 0
1670202428361 11.121430397033691 0
1670202428556 11.148636817932129 0
1670202428751 11.099048614501953 0
1670202428947 11.355283737182617 0
1670202429142 11.08682632446289 0
1670202429338 11.252216339111328 0
1670202429533 11.293644905090332 0
1670202429728 11.130843162536621 0
1670202429923 11.406217575073242 0
1670202430118 11.153444290161133 0
1670202430314 11.12291145324707 0
1670202430511 11.124448776245117 0
1670202430707 11.445184707641602 0
1670202430903 11.166552543640137 0
1670202431098 11.189262390136719 0
1670202431295 11.415497779846191 0
1670202431490 11.035276412963867 0
1670202431686 11.073809623718262 0
1670202431881 11.307269096374512 0
1670202432076 11.438982009887695 0
1670202432272 11.36884880065918 0
1670202432468 11.29553508758545 0
1670202432664 11.411885261535645 0
1670202432859 11.40957260131836 0
1670202433055 11.632301330566406 0
1670202433249 11.382223129272461 0
1670202433444 11.41596508026123 0
1670202433640 11.603480339050293 0
1670202433835 11.546894073486328 0
1670202434030 11.550017356872559 0
1670202434227 11.641693115234375 0
1670202434422 11.65500545501709 0
1670202434619 11.734078407287598 0
1670202434814 11.397979736328125 0
1670202435008 11.63206958770752 0
1670202435205 11.564335823059082 0
1670202435401 11.775477409362793 0
1670202435596 11.805656433105469 0
1670202435791 11.61570930480957 0
1670202435987 11.848482131958008 0
1670202436182 11.724461555480957 0
1670202436380 12.010245323181152 0
1670202436575 11.83759593963623 0
1670202436770 11.77799129486084 0
1670202436965 11.937762260437012 0
1670202437161 11.853947639465332 0
1670202437355 11.879711151123047 0
1670202437551 12.251116752624512 0
1670202437746 11.819048881530762 0
1670202437940 12.250564575195312 0
1670202438135 11.998822212219238 0
1670202438329 11.924871444702148 0
1670202438524 12.253490447998047 0
1670202438720 12.038897514343262 0
1670202438915 12.298871040344238 0
1670202452923 12.563977241516113 0
1670202453119 12.355414390563965 0
1670202453320 12.315475463867188 0
1670202453513 12.304462432861328 0
1670202453710 12.418423652648926 0
1670202453906 12.415180206298828 0
1670202454101 12.324673652648926 0
1670202454296 12.475698471069336 0
1670202454492 12.576638221740723 0
1670202454686 12.610098838806152 0
1670202454880 12.472911834716797 0
1670202455075 12.698590278625488 0
1670202455269 12.681756973266602 0
1670202455463 12.623759269714355 0
1670202455657 12.779325485229492 0
1670202455852 12.768824577331543 0
1670202456046 12.749244689941406 0
1670202456240 12.84095287322998 0
1670202456435 12.711949348449707 0
1670202456629 12.929333686828613 0
1670202456829 12.96812629699707 0
1670202457024 13.230636596679688 0
1670202457220 12.839715003967285 0
1670202457416 13.129389762878418 0
1670202457611 13.41869068145752 0
1670202457806 13.302544593811035 0
1670202458000 13.606162071228027 0
1670202458196 13.627134323120117 0
1670202458391 13.73801040649414 0
1670202458587 14.1075439453125 0
1670202458782 14.045623779296875 0
1670202458977 14.246994018554688 0
1670202459171 14.389440536499023 0
1670202459366 14.374465942382812 0
1670202459560 14.516672134399414 0
1670202459756 14.326767921447754 0
1670202459950 14.374061584472656 0
1670202460144 14.524886131286621 0
1670202460339 15.234902381896973 0
1670202460533 14.749451637268066 0
1670202460730 15.04081916809082 0
1670202460926 14.772947311401367 0
1670202461121 14.945557594299316 0
1670202461316 14.768257141113281 0
1670202461510 15.081847190856934 0
1670202461704 15.075196266174316 0
1670202461898 15.203972816467285 0
1670202462091 15.718330383300781 0
1670202462286 15.241573333740234 0
1670202462481 15.394525527954102 0
1670202462678 15.470516204833984 0
1670202462872 15.415651321411133 0
1670202463067 15.666573524475098 0
1670202463262 15.544259071350098 0
1670202463456 15.690950393676758 0
1670202463651 15.714288711547852 0
1670202463846 15.870041847229004 0
1670202464040 15.84668254852295 0
1670202464236 16.106985092163086 0
1670202464431 15.998891830444336 0
1670202464628 16.163787841796875 0
1670202464825 16.273591995239258 0
1670202465020 15.930930137634277 0
1670202465215 16.044605255126953 0
1670202465409 16.350196838378906 0
1670202465604 16.467111587524414 0
1670202465799 16.360958099365234 0
1670202465995 16.695899963378906 0
1670202466190 16.800504684448242 0
1670202466385 16.54444122314453 0
1670202466581 16.79541778564453 0
1670202466776 16.75829315185547 0
1670202466971 16.613882064819336 0
1670202467165 16.77054786682129 0
