1670484221558 27.406383514404297 0
1670484283565 27.240936279296875 0
1670484283967 25.605478286743164 1
1670484284364 25.1768798828125 1
1670484284762 25.52031135559082 2
1670484285159 26.652315139770508 2
1670484285557 26.893184661865234 3
1670484285952 26.20403480529785 3
1670484286350 25.608539581298828 4
1670484286749 26.569292068481445 4
1670484287147 25.716928482055664 5
1670484287547 26.426177978515625 5
1670484287946 26.204362869262695 6
1670484288344 26.32061004638672 6
1670484288742 25.843290328979492 7
1670484289139 26.227529525756836 7
1670484289536 25.143861770629883 8
1670484289934 24.64365577697754 8
1670484290330 25.95780372619629 9
1670484290727 25.94931983947754 9
1670484291121 26.629220962524414 10
1670484291518 25.046363830566406 10
1670484291913 26.66936492919922 11
1670484292308 26.151004791259766 11
1670484292705 24.8031063079834 12
1670484293104 25.088428497314453 12
1670484293500 26.09440803527832 13
1670484293898 26.65605354309082 13
1670484294296 25.02271270751953 14
1670484294693 26.09699058532715 14
1670484295090 26.020212173461914 15
1670484295484 25.78074836730957 15
1670484295879 26.549781799316406 16
1670484296277 25.67035675048828 16
1670484296674 25.42172622680664 17
1670484297068 25.151988983154297 17
1670484297468 26.64859962463379 18
1670484297867 25.471435546875 18
1670484298263 27.284412384033203 19
1670484298662 26.16667938232422 19
1670484299057 26.022123336791992 20
1670484299458 25.717527389526367 20
1670484299856 27.111278533935547 21
1670484300251 26.166627883911133 21
1670484300646 27.031259536743164 22
1670484301042 26.079463958740234 22
1670484301438 25.86172103881836 23
1670484301837 26.296710968017578 23
1670484302233 27.170732498168945 24
1670484302625 25.623926162719727 24
1670484303026 25.968685150146484 25
1670484303423 26.693113327026367 25
1670484303822 25.79245948791504 26
1670484304219 25.70587158203125 26
1670484304615 26.337221145629883 27
1670484305011 26.358171463012695 27
1670484305407 26.967668533325195 28
1670484305801 26.361183166503906 28
1670484306199 26.713077545166016 29
1670484306596 26.157005310058594 29
1670484306991 27.120813369750977 30
1670484307390 26.556398391723633 30
1670484307789 27.53803253173828 31
1670484308186 26.559391021728516 31
1670484308582 26.630393981933594 32
1670484308978 26.698259353637695 32
1670484309377 27.0009708404541 33
1670484309772 25.912233352661133 33
1670484310168 26.095848083496094 34
1670484310563 25.901391983032227 34
1670484310962 27.040864944458008 35
1670484311359 26.233888626098633 35
1670484311755 26.547348022460938 36
1670484312154 25.475528717041016 36
1670484312553 26.71262550354004 37
1670484312949 26.795074462890625 37
1670484313347 27.175827026367188 38
1670484313745 27.912935256958008 38
1670484314144 26.31821632385254 39
1670484314542 26.38095474243164 39
1670484314937 25.882497787475586 40
1670484315336 26.166309356689453 40
1670484315734 25.72418785095215 41
1670484316130 26.419029235839844 41
1670484316530 25.160390853881836 42
1670484316926 25.924551010131836 42
1670484317325 27.77874183654785 43
1670484317723 26.290035247802734 43
1670484318125 26.543907165527344 44
1670484318524 26.85527801513672 44
1670484318919 26.793664932250977 45
1670484319314 26.47867774963379 45
1670484319712 27.353927612304688 46
1670484320107 26.779037475585938 46
1670484320507 26.19422721862793 47
1670484320902 26.50657844543457 47
1670484321298 26.62548065185547 48
1670484321694 26.459239959716797 48
1670484322090 27.5814208984375 49
1670484322484 27.30948829650879 49
1670484322879 26.57942771911621 50
1670484323481 26.049549102783203 50
1670484323878 27.443857192993164 51
1670484324278 26.545103073120117 51
1670484324675 26.766094207763672 52
1670484325073 26.910507202148438 52
1670484325472 27.255176544189453 53
1670484325870 26.730865478515625 53
1670484326266 25.714197158813477 54
1670484326666 26.400346755981445 54
1670484327063 26.881887435913086 55
1670484327460 28.51114845275879 55
1670484327858 27.664661407470703 56
1670484328259 27.561187744140625 56
1670484328659 26.042499542236328 57
1670484329054 28.137025833129883 57
1670484329455 27.129894256591797 58
1670484329850 26.946863174438477 58
1670484330244 27.001638412475586 59
1670484330644 28.013593673706055 59
1670484331043 26.157268524169922 60
1670484331442 27.525615692138672 60
1670484331839 25.640533447265625 61
1670484332239 26.16376304626465 61
1670484332639 27.083892822265625 62
1670484333036 26.53162384033203 62
1670484333436 25.39581298828125 63
1670484333832 26.553428649902344 63
1670484334233 27.203968048095703 64
1670484334630 27.386301040649414 64
1670484335031 26.65253448486328 65
1670484335429 26.32076644897461 65
1670484335829 26.24725914001465 66
1670484336226 26.645341873168945 66
1670484336624 28.017080307006836 67
1670484337021 26.588716506958008 67
1670484337419 27.07227325439453 68
1670484337814 26.261064529418945 68
1670484338212 25.78459358215332 69
1670484338612 25.701066970825195 69
1670484339013 25.68640899658203 70
1670484339414 25.55311393737793 70
1670484339811 27.76420783996582 71
1670484340207 26.633480072021484 71
1670484340606 26.22233009338379 72
1670484341000 26.48822021484375 72
1670484341399 27.041112899780273 73
1670484341798 28.649829864501953 73
1670484342192 26.16482162475586 74
1670484342590 27.084150314331055 74
1670484342985 26.066450119018555 75
1670484343380 26.497665405273438 75
1670484343781 26.595211029052734 76
1670484344178 26.67669677734375 76
1670484344575 27.591068267822266 77
1670484344972 26.249061584472656 77
1670484345367 26.564157485961914 78
1670484345764 26.657817840576172 78
1670484346159 26.881994247436523 79
1670484346557 27.161632537841797 79
1670484346952 28.439544677734375 80
1670484347352 26.658056259155273 80
1670484347752 26.900789260864258 81
1670484348153 26.99106788635254 81
1670484348553 26.251834869384766 82
1670484348950 27.376489639282227 82
1670484349349 26.97844886779785 83
1670484349747 26.448991775512695 83
1670484350146 26.443763732910156 84
1670484350547 27.009519577026367 84
1670484350943 25.98198890686035 85
1670484351341 26.378250122070312 85
1670484351740 27.284231185913086 86
1670484352139 27.29567527770996 86
1670484352538 25.782075881958008 87
1670484352936 28.676959991455078 87
1670484353331 25.70340919494629 88
1670484353727 27.14629554748535 88
1670484354128 26.325775146484375 89
1670484354524 26.229961395263672 89
1670484354919 27.248424530029297 90
1670484355318 25.666566848754883 90
1670484355719 26.657093048095703 91
1670484356119 27.500347137451172 91
1670484356515 26.193178176879883 92
1670484356916 26.644424438476562 92
1670484357312 27.29928970336914 93
1670484357715 26.281232833862305 93
1670484358115 27.95408821105957 94
1670484358513 27.08436393737793 94
1670484358911 27.448774337768555 95
1670484359310 25.36052894592285 95
1670484359707 26.717674255371094 96
1670484360108 26.66031837463379 96
1670484360508 26.65135383605957 97
1670484360905 27.257354736328125 97
1670484361306 26.75619888305664 98
1670484361703 26.200027465820312 98
1670484362103 26.811311721801758 99
1670484362499 26.956130981445312 99
1670484362931 26.92156982421875 100
1670484363528 26.66463851928711 100
1670484363924 26.819387435913086 101
1670484364320 26.72024154663086 101
1670484364718 26.264524459838867 102
1670484365113 26.408525466918945 102
1670484365511 26.44211196899414 103
1670484365909 27.16819190979004 103
1670484366305 27.477279663085938 104
1670484366701 27.42257308959961 104
1670484367098 27.300914764404297 105
1670484367493 27.272418975830078 105
1670484367890 27.168577194213867 106
1670484368289 27.365890502929688 106
1670484368687 27.670705795288086 107
1670484369083 26.499359130859375 107
1670484369478 28.172826766967773 108
1670484369878 27.248950958251953 108
1670484370279 27.37438201904297 109
1670484370676 27.27178382873535 109
1670484371077 27.235017776489258 110
1670484371477 26.827722549438477 110
1670484371873 26.832382202148438 111
1670484372270 26.48170280456543 111
1670484372667 28.20684242248535 112
1670484373063 26.98242950439453 112
1670484373458 27.495540618896484 113
1670484373855 27.31376075744629 113
1670484374254 26.898813247680664 114
1670484374653 27.22241973876953 114
1670484375050 27.6325626373291 115
1670484375446 26.54636001586914 115
1670484375843 27.25531578063965 116
1670484376238 27.066316604614258 116
1670484376640 27.393821716308594 117
1670484377037 27.65428352355957 117
1670484377436 25.845237731933594 118
1670484377833 26.2635440826416 118
1670484378231 27.06972312927246 119
1670484378630 27.88095474243164 119
1670484379027 27.063461303710938 120
1670484379426 27.55746841430664 120
1670484379825 26.779232025146484 121
1670484380223 26.450597763061523 121
1670484380619 27.537405014038086 122
1670484381016 27.119401931762695 122
1670484381411 26.240005493164062 123
1670484381808 26.541784286499023 123
1670484382206 26.65291976928711 124
1670484382604 25.85740852355957 124
1670484383003 26.308208465576172 125
1670484383401 27.238962173461914 125
1670484383801 26.2180233001709 126
1670484384198 26.383319854736328 126
1670484384597 26.04373550415039 127
1670484384994 27.5456485748291 127
1670484385397 28.155405044555664 128
1670484385793 26.661794662475586 128
1670484386191 26.902265548706055 129
1670484386589 27.790889739990234 129
1670484386984 25.902135848999023 130
1670484387378 27.11600112915039 130
1670484387776 27.78632926940918 131
1670484388172 27.872058868408203 131
1670484388568 26.2042236328125 132
1670484388969 26.510866165161133 132
1670484389367 26.847604751586914 133
1670484389767 25.819360733032227 133
1670484390166 27.332019805908203 134
1670484390564 27.011438369750977 134
1670484390963 27.59111785888672 135
1670484391360 25.89789581298828 135
1670484391758 27.302583694458008 136
1670484392156 26.46834945678711 136
1670484392551 27.29265785217285 137
1670484392950 26.706640243530273 137
1670484393348 26.52345848083496 138
1670484393744 26.63927459716797 138
1670484394143 26.347782135009766 139
1670484394542 27.351343154907227 139
1670484394940 26.818872451782227 140
1670484395338 28.45234489440918 140
1670484395736 26.448957443237305 141
1670484396132 28.366865158081055 141
1670484396531 28.37240219116211 142
1670484396929 26.605323791503906 142
1670484397329 27.665990829467773 143
1670484397730 26.660362243652344 143
1670484398125 27.28022575378418 144
1670484398525 27.067344665527344 144
1670484398926 26.150503158569336 145
1670484399323 25.893177032470703 145
1670484399720 26.055644989013672 146
1670484400119 26.404531478881836 146
1670484400516 26.430892944335938 147
1670484400914 27.061073303222656 147
1670484401312 26.169464111328125 148
1670484401707 27.08053207397461 148
1670484402104 27.108720779418945 149
1670484402503 26.647916793823242 149
1670484402901 26.145549774169922 150
1670484403499 27.65821075439453 150
1670484403897 27.455978393554688 151
1670484404295 26.726354598999023 151
1670484404694 27.852313995361328 152
1670484405094 26.92043685913086 152
1670484405493 26.18551254272461 153
1670484405892 26.020824432373047 153
1670484406290 26.990514755249023 154
1670484406684 26.507530212402344 154
1670484407080 26.47172737121582 155
1670484407477 26.050207138061523 155
1670484407875 28.912797927856445 156
1670484408272 25.772829055786133 156
1670484408670 27.72277069091797 157
1670484409066 25.748836517333984 157
1670484409465 26.747865676879883 158
1670484409861 27.410968780517578 158
1670484410258 26.610414505004883 159
1670484410657 27.29886817932129 159
1670484411055 27.44440269470215 160
1670484411453 26.503686904907227 160
1670484411850 26.837724685668945 161
1670484412248 26.158924102783203 161
1670484412645 26.51712989807129 162
1670484413042 26.196426391601562 162
1670484413442 26.33658218383789 163
1670484413839 26.4145565032959 163
1670484414239 26.19438934326172 164
1670484414634 26.791017532348633 164
1670484415030 26.6772518157959 165
1670484415427 26.440410614013672 165
1670484415825 27.638641357421875 166
1670484416223 26.182344436645508 166
1670484416622 27.464143753051758 167
1670484417022 26.64720344543457 167
1670484417421 27.43296241760254 168
1670484417819 27.01648712158203 168
1670484418217 26.254674911499023 169
1670484418616 26.17745590209961 169
1670484419011 27.17326545715332 170
1670484419411 27.883970260620117 170
1670484419810 26.28019905090332 171
1670484420210 27.47041893005371 171
1670484420607 25.897666931152344 172
1670484421005 26.70391845703125 172
1670484421401 27.05655860900879 173
1670484421801 27.134363174438477 173
1670484422197 25.531414031982422 174
1670484422592 26.767486572265625 174
1670484422991 26.32216453552246 175
1670484423387 26.503767013549805 175
1670484423784 25.843523025512695 176
1670484424182 27.33433723449707 176
1670484424579 28.267976760864258 177
1670484424974 26.669706344604492 177
1670484425371 26.896791458129883 178
1670484425767 26.694171905517578 178
1670484426164 27.95610237121582 179
1670484426562 26.898752212524414 179
1670484426962 27.0850887298584 180
1670484427360 26.412979125976562 180
1670484427757 26.558612823486328 181
1670484428154 26.04033660888672 181
1670484428558 28.158571243286133 182
1670484428954 28.071571350097656 182
1670484429349 26.634246826171875 183
1670484429749 26.916942596435547 183
1670484430147 26.83122444152832 184
1670484430545 27.143083572387695 184
1670484430945 26.62835121154785 185
1670484431340 26.725156784057617 185
1670484431741 25.914390563964844 186
1670484432139 27.563003540039062 186
1670484432541 26.640655517578125 187
1670484432939 27.78575897216797 187
1670484433340 28.181480407714844 188
1670484433737 26.41317367553711 188
1670484434134 26.155029296875 189
1670484434531 26.87483787536621 189
1670484434931 26.532379150390625 190
1670484435332 25.955720901489258 190
1670484435728 26.076780319213867 191
1670484436126 27.847576141357422 191
1670484436524 26.247352600097656 192
1670484436924 26.701051712036133 192
1670484437326 27.580883026123047 193
1670484437724 26.83181381225586 193
1670484438122 26.90480613708496 194
1670484438519 26.063608169555664 194
1670484438915 27.875656127929688 195
1670484439313 25.90326499938965 195
1670484439712 27.374040603637695 196
1670484440108 27.17268943786621 196
1670484440509 27.82308006286621 197
1670484440910 25.749902725219727 197
1670484441310 27.02412986755371 198
1670484441709 27.1707763671875 198
1670484442111 28.8204402923584 199
1670484442510 27.512285232543945 199
1670484442940 27.90911865234375 200
1670484443540 27.335468292236328 200
1670484443938 27.54786491394043 201
1670484444335 27.321300506591797 201
1670484444731 25.94480323791504 202
1670484445132 27.176868438720703 202
1670484445532 27.281726837158203 203
1670484445932 27.87331771850586 203
1670484446329 27.428245544433594 204
1670484446727 26.908355712890625 204
1670484447127 26.67432975769043 205
1670484447522 27.59893226623535 205
1670484447921 27.39731788635254 206
1670484448316 26.888885498046875 206
1670484448716 26.78876304626465 207
1670484449114 25.880050659179688 207
1670484449514 25.83062171936035 208
1670484449913 27.199020385742188 208
1670484450314 28.2861385345459 209
1670484450709 27.06224250793457 209
1670484451108 27.866674423217773 210
1670484451508 28.22458839416504 210
1670484451908 27.383092880249023 211
1670484452308 26.870941162109375 211
1670484452705 26.518814086914062 212
1670484453101 26.621164321899414 212
1670484453497 27.88591957092285 213
1670484453895 27.032373428344727 213
1670484454295 27.708589553833008 214
1670484454692 27.070585250854492 214
1670484455091 27.983366012573242 215
1670484455487 26.871681213378906 215
1670484455885 27.947975158691406 216
1670484456279 27.79061508178711 216
1670484456682 27.76318359375 217
1670484457080 27.8729305267334 217
1670484457476 26.676761627197266 218
1670484457878 26.712181091308594 218
1670484458275 28.158283233642578 219
1670484458673 26.813148498535156 219
1670484459072 26.30660057067871 220
1670484459473 27.767906188964844 220
1670484459872 25.795387268066406 221
1670484460270 27.797365188598633 221
1670484460666 27.249414443969727 222
1670484461066 26.103261947631836 222
1670484461463 28.562028884887695 223
1670484461859 27.09246063232422 223
1670484462255 26.911727905273438 224
1670484462652 26.980806350708008 224
1670484463048 28.20022201538086 225
1670484463445 27.125505447387695 225
1670484463842 28.172616958618164 226
1670484464240 27.24811553955078 226
1670484464637 27.122817993164062 227
1670484465033 26.70328712463379 227
1670484465432 26.884281158447266 228
1670484465830 27.025705337524414 228
1670484466226 27.109054565429688 229
1670484466623 27.399580001831055 229
1670484467025 27.405485153198242 230
1670484467421 27.0606689453125 230
1670484467823 27.386432647705078 231
1670484468222 26.304513931274414 231
1670484468619 29.11431312561035 232
1670484469013 27.528118133544922 232
1670484469411 26.388023376464844 233
1670484469808 27.047761917114258 233
1670484470204 28.027738571166992 234
1670484470601 27.629228591918945 234
1670484470999 27.543903350830078 235
1670484471397 26.400741577148438 235
1670484471796 28.683704376220703 236
1670484472195 27.122859954833984 236
1670484472592 27.289148330688477 237
1670484472989 28.097671508789062 237
1670484473391 27.97995376586914 238
1670484473789 27.314783096313477 238
1670484474184 27.237016677856445 239
1670484474582 26.687135696411133 239
1670484474978 27.425220489501953 240
1670484475374 26.38042640686035 240
1670484475771 26.757734298706055 241
1670484476167 27.56141471862793 241
1670484476564 27.60442352294922 242
1670484476958 26.44078254699707 242
1670484477355 27.70441246032715 243
1670484477752 26.6940975189209 243
1670484478151 27.681930541992188 244
1670484478550 27.357513427734375 244
1670484478948 27.0375919342041 245
1670484479345 26.62561798095703 245
1670484479744 27.5214900970459 246
1670484480140 27.04721450805664 246
1670484480540 27.589462280273438 247
1670484480934 28.02080726623535 247
1670484481337 26.344675064086914 248
1670484481734 26.318235397338867 248
1670484482133 27.259479522705078 249
1670484482529 27.749773025512695 249
1670484482927 27.214784622192383 250
1670484544736 27.028886795043945 250
1670484545136 29.066377639770508 251
1670484545532 27.72724723815918 251
1670484545930 26.59642219543457 252
1670484546331 26.618396759033203 252
1670484546728 27.009132385253906 253
1670484547123 26.618751525878906 253
1670484547520 27.55931854248047 254
1670484547917 26.370954513549805 254
1670484548314 27.214153289794922 255
1670484548710 26.79731559753418 255
1670484549107 27.119848251342773 256
1670484549503 27.235532760620117 256
1670484549900 26.209163665771484 257
1670484550298 27.238489151000977 257
1670484550697 26.887239456176758 258
1670484551095 26.38397216796875 258
1670484551497 27.27781105041504 259
1670484551893 26.88686752319336 259
1670484552291 28.190841674804688 260
1670484552688 25.13655662536621 260
1670484553087 26.834909439086914 261
1670484553488 27.159074783325195 261
1670484553887 28.210533142089844 262
1670484554281 27.128578186035156 262
1670484554680 27.761451721191406 263
1670484555079 27.37849998474121 263
1670484555476 27.640119552612305 264
1670484555873 27.262887954711914 264
1670484556272 27.888824462890625 265
1670484556676 27.134096145629883 265
1670484557074 26.932437896728516 266
1670484557469 26.556196212768555 266
1670484557871 28.213590621948242 267
1670484558270 28.19670295715332 267
1670484558669 27.499164581298828 268
1670484559066 27.801023483276367 268
1670484559465 27.813579559326172 269
1670484559861 26.49075698852539 269
1670484560257 27.131893157958984 270
1670484560658 28.29645538330078 270
1670484561057 25.767732620239258 271
1670484561456 27.73195457458496 271
1670484561855 27.270784378051758 272
1670484562252 28.231529235839844 272
1670484562650 26.90550994873047 273
1670484563047 26.051563262939453 273
1670484563445 27.168743133544922 274
1670484563839 26.82709312438965 274
1670484564236 27.306411743164062 275
1670484564633 27.133594512939453 275
1670484565030 26.813690185546875 276
1670484565426 26.692777633666992 276
1670484565825 27.68362045288086 277
1670484566223 26.961366653442383 277
1670484566618 26.259958267211914 278
1670484567017 26.07417869567871 278
1670484567416 26.31142807006836 279
1670484567812 27.186983108520508 279
1670484568213 27.07243537902832 280
1670484568611 27.21725082397461 280
1670484569009 28.485031127929688 281
1670484569405 25.999439239501953 281
1670484569802 27.20699691772461 282
1670484570202 26.990306854248047 282
1670484570600 26.113685607910156 283
1670484570997 27.770336151123047 283
1670484571395 26.249448776245117 284
1670484571793 26.54222869873047 284
1670484572192 26.81311798095703 285
1670484572589 27.911014556884766 285
1670484572988 28.65159034729004 286
1670484573387 28.281410217285156 286
1670484573785 26.489612579345703 287
1670484574180 27.04161834716797 287
1670484574577 27.224077224731445 288
1670484574977 26.837934494018555 288
1670484575378 28.270065307617188 289
1670484575775 28.780702590942383 289
1670484576173 27.394006729125977 290
1670484576575 26.51178741455078 290
1670484576976 26.520061492919922 291
1670484577374 26.082420349121094 291
1670484577773 25.722742080688477 292
1670484578171 27.70812225341797 292
1670484578572 27.833547592163086 293
1670484578968 27.362462997436523 293
1670484579367 26.681116104125977 294
1670484579761 27.14031410217285 294
1670484580160 26.365209579467773 295
1670484580561 27.794015884399414 295
1670484580960 26.827756881713867 296
1670484581356 28.55360984802246 296
1670484581755 26.759370803833008 297
1670484582153 26.276588439941406 297
1670484582551 28.220308303833008 298
1670484582950 27.30338478088379 298
1670484583350 28.757774353027344 299
1670484583743 27.858013153076172 299
1670484584176 27.4932918548584 300
1670484584772 26.751712799072266 300
1670484585169 27.287960052490234 301
1670484585566 26.985506057739258 301
1670484585962 27.516889572143555 302
1670484586359 27.084362030029297 302
1670484586761 26.505107879638672 303
1670484587158 27.787431716918945 303
1670484587556 26.822227478027344 304
1670484587954 27.427684783935547 304
1670484588354 27.228124618530273 305
1670484588753 25.878530502319336 305
1670484589152 27.873775482177734 306
1670484589549 27.121423721313477 306
1670484589947 26.38449478149414 307
1670484590345 27.58702278137207 307
1670484590745 28.213863372802734 308
1670484591141 26.414064407348633 308
1670484591536 26.682371139526367 309
1670484591936 26.70392417907715 309
1670484592332 27.78969383239746 310
1670484592731 27.35426902770996 310
1670484593129 26.590909957885742 311
1670484593527 26.417205810546875 311
1670484593922 26.696521759033203 312
1670484594317 26.617238998413086 312
1670484594716 24.782573699951172 313
1670484595117 27.188617706298828 313
1670484595514 25.9968204498291 314
1670484595910 26.920669555664062 314
1670484596306 27.106487274169922 315
1670484596704 28.576614379882812 315
1670484597100 26.57345199584961 316
1670484597500 26.71725082397461 316
1670484597897 27.6701717376709 317
1670484598294 27.54500961303711 317
1670484598692 26.93094253540039 318
1670484599091 26.79205322265625 318
1670484599488 28.143823623657227 319
1670484599885 27.70867156982422 319
1670484600283 26.85978126525879 320
1670484600682 26.733827590942383 320
1670484601080 27.18036460876465 321
1670484601478 27.080318450927734 321
1670484601879 27.056528091430664 322
1670484602279 28.583702087402344 322
1670484602675 26.870271682739258 323
1670484603075 26.91991424560547 323
1670484603474 26.796955108642578 324
1670484603870 27.089332580566406 324
1670484604269 26.409439086914062 325
1670484604668 27.10232162475586 325
1670484605064 26.110239028930664 326
1670484605462 27.080486297607422 326
1670484605859 29.471206665039062 327
1670484606255 27.506851196289062 327
1670484606653 26.753131866455078 328
1670484607053 26.6053409576416 328
1670484607453 26.84882926940918 329
1670484607852 28.226850509643555 329
1670484608252 26.913475036621094 330
1670484608652 25.486982345581055 330
1670484609049 27.15325355529785 331
1670484609450 25.944664001464844 331
1670484609850 26.638736724853516 332
1670484610250 27.538299560546875 332
1670484610648 27.35573387145996 333
1670484611044 27.057910919189453 333
1670484611444 27.332983016967773 334
1670484611844 26.87380027770996 334
1670484612242 27.520998001098633 335
1670484612641 27.68094825744629 335
1670484613043 26.604887008666992 336
1670484613440 25.798437118530273 336
1670484613841 25.82659149169922 337
1670484614244 26.172468185424805 337
1670484614642 26.687562942504883 338
1670484615040 27.043310165405273 338
1670484615439 27.067752838134766 339
1670484615840 25.879825592041016 339
1670484616237 27.62766456604004 340
1670484616633 26.785865783691406 340
1670484617032 26.215072631835938 341
1670484617428 26.567216873168945 341
1670484617830 27.205726623535156 342
1670484618227 27.22798728942871 342
1670484618627 26.397872924804688 343
1670484619023 26.70293426513672 343
1670484619424 28.579113006591797 344
1670484619822 27.711652755737305 344
1670484620218 27.498687744140625 345
1670484620616 27.693157196044922 345
1670484621012 27.272663116455078 346
1670484621408 26.967212677001953 346
1670484621804 26.616783142089844 347
1670484622201 27.112390518188477 347
1670484622600 25.89946746826172 348
1670484623000 28.064096450805664 348
1670484623403 27.2395076751709 349
1670484623800 26.745197296142578 349
1670484624198 27.46037483215332 350
1670484624798 28.01038932800293 350
1670484625201 27.8532657623291 351
1670484625598 26.461761474609375 351
1670484625995 27.096908569335938 352
1670484626396 26.882291793823242 352
1670484626792 26.511821746826172 353
1670484627188 25.840717315673828 353
1670484627583 27.17171859741211 354
1670484627981 26.82160758972168 354
1670484628377 28.51612091064453 355
1670484628774 27.41901397705078 355
1670484629171 27.33266258239746 356
1670484629568 27.96067237854004 356
1670484629962 26.93438720703125 357
1670484630358 27.231830596923828 357
1670484630754 27.642234802246094 358
1670484631151 27.551374435424805 358
1670484631547 26.49874496459961 359
1670484631944 27.08160400390625 359
1670484632344 26.171415328979492 360
1670484632740 27.96630096435547 360
1670484633138 25.93111228942871 361
1670484633533 29.418855667114258 361
1670484633931 27.655513763427734 362
1670484634326 27.450355529785156 362
1670484634726 28.12575340270996 363
1670484635124 27.879867553710938 363
1670484635522 26.824954986572266 364
1670484635919 26.97360610961914 364
1670484636318 26.25503921508789 365
1670484636714 26.843278884887695 365
1670484637110 27.021053314208984 366
1670484637507 26.650632858276367 366
1670484637905 25.66562843322754 367
1670484638302 25.832674026489258 367
1670484638698 27.156227111816406 368
1670484639099 27.24627113342285 368
1670484639498 27.42366600036621 369
1670484639894 27.06355094909668 369
1670484640294 26.23246955871582 370
1670484640694 27.425107955932617 370
1670484641091 26.92079734802246 371
1670484641488 27.626955032348633 371
1670484641886 27.55533790588379 372
1670484642281 28.739795684814453 372
1670484642677 26.182453155517578 373
1670484643077 26.84320831298828 373
1670484643473 28.362764358520508 374
1670484643871 26.81082534790039 374
1670484644265 27.183382034301758 375
1670484644663 27.000341415405273 375
1670484645062 28.519136428833008 376
1670484645461 26.388700485229492 376
1670484645858 27.003477096557617 377
1670484646257 27.06418228149414 377
1670484646655 27.824289321899414 378
1670484647054 26.399030685424805 378
1670484647451 26.65411376953125 379
1670484647849 27.72438621520996 379
1670484648247 27.872175216674805 380
1670484648644 27.189599990844727 380
1670484649042 27.376737594604492 381
1670484649439 26.86276626586914 381
1670484649837 26.848297119140625 382
1670484650237 27.432376861572266 382
1670484650633 27.381755828857422 383
1670484651030 25.745195388793945 383
1670484651430 27.391632080078125 384
1670484651828 27.43673324584961 384
1670484652228 27.183958053588867 385
1670484652629 27.61602783203125 385
1670484653025 26.92615509033203 386
1670484653422 26.96111488342285 386
1670484653821 27.426952362060547 387
1670484654215 27.377357482910156 387
1670484654614 26.574966430664062 388
1670484655015 26.89420509338379 388
1670484655413 28.340795516967773 389
1670484655809 26.008941650390625 389
1670484656207 27.257707595825195 390
1670484656606 28.787357330322266 390
1670484657004 27.10662841796875 391
1670484657400 27.045560836791992 391
1670484657800 26.574737548828125 392
1670484658200 27.258787155151367 392
1670484658598 26.58908462524414 393
1670484658995 27.060321807861328 393
1670484659393 25.96066665649414 394
1670484659789 26.516883850097656 394
1670484660187 27.24095344543457 395
1670484660585 25.768203735351562 395
1670484660981 27.454967498779297 396
1670484661375 27.19852638244629 396
1670484661774 26.553932189941406 397
1670484662172 28.154767990112305 397
1670484662572 26.98439598083496 398
1670484662969 27.336606979370117 398
1670484663367 27.01494598388672 399
1670484663764 27.35430145263672 399
1670484664198 26.789499282836914 400
1670484664797 28.20206642150879 400
1670484665194 27.39738655090332 401
1670484665594 28.74018669128418 401
1670484665993 27.61121368408203 402
1670484666392 27.488445281982422 402
1670484666793 27.743955612182617 403
1670484667193 27.961875915527344 403
1670484667589 27.14532470703125 404
1670484667987 27.99706268310547 404
1670484668385 27.755239486694336 405
1670484668782 27.977258682250977 405
1670484669178 26.664878845214844 406
1670484669573 26.281023025512695 406
1670484669974 26.868267059326172 407
1670484670371 27.276737213134766 407
1670484670769 25.559986114501953 408
1670484671169 27.971242904663086 408
1670484671567 26.225135803222656 409
1670484671964 27.27960968017578 409
1670484672361 26.62842559814453 410
1670484672758 27.180797576904297 410
1670484673159 27.240379333496094 411
1670484673557 26.2431697845459 411
1670484673955 27.47757911682129 412
1670484674350 27.470703125 412
1670484674749 27.437902450561523 413
1670484675145 28.556446075439453 413
1670484675544 27.474946975708008 414
1670484675942 27.331228256225586 414
1670484676340 27.14565658569336 415
1670484676740 26.558433532714844 415
1670484677136 27.30211067199707 416
1670484677533 26.869138717651367 416
1670484677930 26.370447158813477 417
1670484678327 27.551944732666016 417
1670484678724 27.672000885009766 418
1670484679124 27.42117691040039 418
1670484679522 26.86309814453125 419
1670484679920 27.389772415161133 419
1670484680320 26.051332473754883 420
1670484680720 26.48480987548828 420
1670484681120 27.42285919189453 421
1670484681518 27.793752670288086 421
1670484681917 27.650394439697266 422
1670484682315 26.236509323120117 422
1670484682711 27.585115432739258 423
1670484683112 28.35047149658203 423
1670484683513 26.33251190185547 424
1670484683908 26.541156768798828 424
1670484684305 26.857988357543945 425
1670484684701 27.081302642822266 425
1670484685098 26.40016746520996 426
1670484685493 28.900129318237305 426
1670484685889 27.044307708740234 427
1670484686289 27.287620544433594 427
1670484686687 26.596254348754883 428
1670484687086 26.70860481262207 428
1670484687484 25.930973052978516 429
1670484687880 26.735809326171875 429
1670484688276 27.326154708862305 430
1670484688674 28.161285400390625 430
1670484689070 28.364055633544922 431
1670484689465 27.345970153808594 431
1670484689863 26.200777053833008 432
1670484690258 26.845199584960938 432
1670484690658 28.25244140625 433
1670484691054 26.79349136352539 433
1670484691451 28.517189025878906 434
1670484691846 26.542621612548828 434
1670484692244 27.643068313598633 435
1670484692641 27.484310150146484 435
1670484693037 27.298521041870117 436
1670484693434 28.2275333404541 436
1670484693831 27.6959171295166 437
1670484694229 28.47268295288086 437
1670484694626 26.79876136779785 438
1670484695024 26.39020347595215 438
1670484695420 27.527544021606445 439
1670484695816 27.824567794799805 439
1670484696216 28.091793060302734 440
1670484696613 27.587976455688477 440
1670484697012 27.69437599182129 441
1670484697411 26.964561462402344 441
1670484697809 28.055267333984375 442
1670484698206 27.417356491088867 442
1670484698606 27.411632537841797 443
1670484699004 28.70073127746582 443
1670484699409 27.672122955322266 444
1670484699805 27.310434341430664 444
1670484700204 26.976123809814453 445
1670484700602 26.781461715698242 445
1670484701000 28.473995208740234 446
1670484701397 28.066267013549805 446
1670484701793 28.023954391479492 447
1670484702189 27.348602294921875 447
1670484702586 26.916154861450195 448
1670484702984 27.08555030822754 448
1670484703379 27.216428756713867 449
1670484703777 27.501821517944336 449
1670484704178 28.114702224731445 450
1670484704774 27.24699592590332 450
1670484705175 27.619802474975586 451
1670484705572 27.850505828857422 451
1670484705968 26.33803367614746 452
1670484706367 27.886428833007812 452
1670484706764 28.240432739257812 453
1670484707161 26.81133460998535 453
1670484707560 27.299297332763672 454
1670484707956 25.763381958007812 454
1670484708355 28.028959274291992 455
1670484708751 27.67100715637207 455
1670484709151 27.94716453552246 456
1670484709550 27.417613983154297 456
1670484709949 27.4180850982666 457
1670484710344 27.889854431152344 457
1670484710742 26.64288902282715 458
1670484711140 27.76215934753418 458
1670484711536 27.358074188232422 459
1670484711935 28.07406997680664 459
1670484712333 27.5467529296875 460
1670484712730 26.79140281677246 460
1670484713128 25.998912811279297 461
1670484713527 27.43999671936035 461
1670484713927 26.90252685546875 462
1670484714324 26.921598434448242 462
1670484714721 27.66202735900879 463
1670484715119 26.65151596069336 463
1670484715517 28.31087875366211 464
1670484715914 28.23089027404785 464
1670484716313 26.726652145385742 465
1670484716711 29.003620147705078 465
1670484717110 27.107105255126953 466
1670484717506 26.763154983520508 466
1670484717906 26.70939064025879 467
1670484718305 27.479150772094727 467
1670484718705 27.370044708251953 468
1670484719101 28.26999282836914 468
1670484719498 28.13276481628418 469
1670484719893 27.30875015258789 469
1670484720291 28.704933166503906 470
1670484720688 27.920804977416992 470
1670484721085 28.841096878051758 471
1670484721482 27.012353897094727 471
1670484721883 27.268598556518555 472
1670484722283 27.417625427246094 472
1670484722680 27.340768814086914 473
1670484723081 26.570465087890625 473
1670484723480 26.86007308959961 474
1670484723876 26.51414680480957 474
1670484724275 28.23142433166504 475
1670484724673 27.815786361694336 475
1670484725073 27.17850112915039 476
1670484725469 27.780912399291992 476
1670484725868 27.135725021362305 477
1670484726265 26.751436233520508 477
1670484726663 26.298858642578125 478
1670484727061 27.335308074951172 478
1670484727459 26.925336837768555 479
1670484727856 26.68467140197754 479
1670484728254 29.311656951904297 480
1670484728652 27.988018035888672 480
1670484729050 27.816787719726562 481
1670484729448 27.42572593688965 481
1670484729847 27.270490646362305 482
1670484730243 26.730106353759766 482
1670484730641 28.061920166015625 483
1670484731039 28.43992042541504 483
1670484731436 28.007659912109375 484
1670484731835 27.805065155029297 484
1670484732230 26.969270706176758 485
1670484732625 25.875349044799805 485
1670484733022 26.910810470581055 486
1670484733418 27.057580947875977 486
1670484733814 27.023252487182617 487
1670484734211 26.494449615478516 487
1670484734608 27.765085220336914 488
1670484735003 27.33357810974121 488
1670484735401 27.659202575683594 489
1670484735800 27.163593292236328 489
1670484736198 26.687660217285156 490
1670484736594 26.341508865356445 490
1670484736994 27.144588470458984 491
1670484737392 26.089275360107422 491
1670484737790 26.756450653076172 492
1670484738191 27.09683609008789 492
1670484738591 27.909868240356445 493
1670484738989 26.755258560180664 493
1670484739387 27.616180419921875 494
1670484739785 27.50734519958496 494
1670484740183 26.419925689697266 495
1670484740577 28.49582290649414 495
1670484740975 27.596298217773438 496
1670484741368 27.805923461914062 496
1670484741767 27.27070426940918 497
1670484742164 27.757478713989258 497
1670484742560 27.897287368774414 498
1670484742957 27.373462677001953 498
1670484743355 26.219451904296875 499
1670484743748 27.037721633911133 499
1670484744177 27.174880981445312 500
1670484805970 27.61229133605957 500
1670484806364 26.741756439208984 501
1670484806764 26.247093200683594 501
1670484807161 26.74698829650879 502
1670484807560 27.26865005493164 502
1670484807957 27.023113250732422 503
1670484808352 27.646709442138672 503
1670484808752 27.964614868164062 504
1670484809152 28.36356544494629 504
1670484809546 28.351865768432617 505
1670484809943 27.576391220092773 505
1670484810341 28.19342613220215 506
1670484810741 27.911802291870117 506
1670484811142 28.886749267578125 507
1670484811539 28.415573120117188 507
1670484811936 26.74765968322754 508
1670484812332 26.73280906677246 508
1670484812726 27.03083610534668 509
1670484813121 26.634395599365234 509
1670484813520 26.524066925048828 510
1670484813915 27.776620864868164 510
1670484814315 26.726383209228516 511
1670484814712 27.246686935424805 511
1670484815112 27.836956024169922 512
1670484815511 26.99433708190918 512
1670484815909 26.82355499267578 513
1670484816306 25.791515350341797 513
1670484816703 28.429800033569336 514
1670484817098 27.267789840698242 514
1670484817494 26.756973266601562 515
1670484817892 28.547204971313477 515
1670484818290 26.201406478881836 516
1670484818689 28.146421432495117 516
1670484819084 27.412649154663086 517
1670484819482 27.113391876220703 517
1670484819882 27.016677856445312 518
1670484820280 27.613113403320312 518
1670484820677 26.8922119140625 519
1670484821076 27.2540225982666 519
1670484821474 27.034345626831055 520
1670484821870 27.425594329833984 520
1670484822267 28.191957473754883 521
1670484822662 27.16367530822754 521
1670484823062 26.98422622680664 522
1670484823459 26.81816864013672 522
1670484823854 27.245874404907227 523
1670484824251 27.54383659362793 523
1670484824649 27.10702133178711 524
1670484825047 27.969711303710938 524
1670484825444 27.66988754272461 525
1670484825842 28.478736877441406 525
1670484826241 27.146835327148438 526
1670484826637 26.654327392578125 526
1670484827035 28.402435302734375 527
1670484827434 27.38153076171875 527
1670484827834 27.608245849609375 528
1670484828231 27.84933853149414 528
1670484828629 26.64567756652832 529
1670484829024 26.51774787902832 529
1670484829422 25.691102981567383 530
1670484829818 26.847412109375 530
1670484830215 27.84385108947754 531
1670484830615 27.051427841186523 531
1670484831012 28.6126766204834 532
1670484831408 27.37549591064453 532
1670484831807 26.830533981323242 533
1670484832202 28.40538787841797 533
1670484832598 26.912216186523438 534
1670484832997 27.20681381225586 534
1670484833396 28.423425674438477 535
1670484833796 26.943374633789062 535
1670484834195 26.440927505493164 536
1670484834593 27.794269561767578 536
1670484834990 26.803647994995117 537
1670484835386 26.771127700805664 537
1670484835782 27.10245704650879 538
1670484836179 28.03044319152832 538
1670484836576 27.332773208618164 539
1670484836971 26.787933349609375 539
1670484837367 27.353153228759766 540
1670484837765 28.109241485595703 540
1670484838161 27.149110794067383 541
1670484838564 27.741262435913086 541
1670484838961 26.854310989379883 542
1670484839355 26.600934982299805 542
1670484839755 28.68333625793457 543
1670484840153 27.33811378479004 543
1670484840548 28.41921043395996 544
1670484840946 27.618427276611328 544
1670484841342 27.36948585510254 545
1670484841742 27.303386688232422 545
1670484842142 27.026649475097656 546
1670484842540 27.74380111694336 546
1670484842940 26.830169677734375 547
1670484843337 26.868383407592773 547
1670484843732 26.695539474487305 548
1670484844131 28.31801986694336 548
1670484844526 27.318668365478516 549
1670484844922 28.0025634765625 549
1670484845321 28.505916595458984 550
1670484845919 27.74321746826172 550
1670484846316 27.77071189880371 551
1670484846713 27.597259521484375 551
1670484847111 27.525968551635742 552
1670484847508 28.130496978759766 552
1670484847904 28.053604125976562 553
1670484848300 26.43980598449707 553
1670484848700 27.646352767944336 554
1670484849097 26.34268569946289 554
1670484849497 27.734878540039062 555
1670484849893 28.018842697143555 555
1670484850290 27.31001853942871 556
1670484850689 26.13958168029785 556
1670484851085 28.844058990478516 557
1670484851482 26.109498977661133 557
1670484851878 27.45372200012207 558
1670484852278 27.487977981567383 558
1670484852679 28.433349609375 559
1670484853077 28.70943260192871 559
1670484853474 28.184810638427734 560
1670484853872 27.9105167388916 560
1670484854268 27.733379364013672 561
1670484854662 26.97770118713379 561
1670484855059 27.28647804260254 562
1670484855456 28.388654708862305 562
1670484855856 27.650054931640625 563
1670484856256 28.518049240112305 563
1670484856654 27.652565002441406 564
1670484857052 26.862165451049805 564
1670484857449 28.20423126220703 565
1670484857850 26.841907501220703 565
1670484858249 28.35487174987793 566
1670484858647 27.102380752563477 566
1670484859047 28.165794372558594 567
1670484859447 27.846694946289062 567
1670484859845 27.628660202026367 568
1670484860241 26.953617095947266 568
1670484860638 27.27289581298828 569
1670484861037 27.473302841186523 569
1670484861434 27.81075096130371 570
1670484861833 28.05322265625 570
1670484862231 27.031198501586914 571
1670484862626 27.93008041381836 571
1670484863024 26.21038246154785 572
1670484863422 27.665212631225586 572
1670484863821 27.16916847229004 573
1670484864219 27.67339324951172 573
1670484864616 28.02882194519043 574
1670484865012 28.03872299194336 574
1670484865411 26.163541793823242 575
1670484865809 27.774587631225586 575
1670484866209 28.463537216186523 576
1670484866604 28.54308319091797 576
1670484867000 26.742158889770508 577
1670484867396 27.422157287597656 577
1670484867794 28.351667404174805 578
1670484868190 26.92411994934082 578
1670484868590 28.883594512939453 579
1670484868986 27.85123062133789 579
1670484869384 26.227834701538086 580
1670484869782 27.305932998657227 580
1670484870179 27.70685577392578 581
1670484870581 25.668615341186523 581
1670484870980 26.387239456176758 582
1670484871375 26.592426300048828 582
1670484871772 27.381601333618164 583
1670484872169 26.96124267578125 583
1670484872565 28.66750144958496 584
1670484872962 27.41803550720215 584
1670484873364 28.52345085144043 585
1670484873761 28.812421798706055 585
1670484874164 26.825162887573242 586
1670484874562 29.049304962158203 586
1670484874959 28.393512725830078 587
1670484875355 28.377077102661133 587
1670484875752 26.65671157836914 588
1670484876150 28.458003997802734 588
1670484876547 28.233015060424805 589
1670484876942 27.35889434814453 589
1670484877341 27.870418548583984 590
1670484877738 27.644941329956055 590
1670484878134 28.131458282470703 591
1670484878535 27.816370010375977 591
1670484878932 27.050378799438477 592
1670484879330 28.871530532836914 592
1670484879727 28.76955795288086 593
1670484880124 26.91352081298828 593
1670484880521 27.68082046508789 594
1670484880921 27.947853088378906 594
1670484881317 28.173357009887695 595
1670484881715 28.097423553466797 595
1670484882112 27.511438369750977 596
1670484882508 28.549453735351562 596
1670484882904 27.008020401000977 597
1670484883302 27.746374130249023 597
1670484883699 26.551786422729492 598
1670484884099 28.307058334350586 598
1670484884496 27.31781578063965 599
1670484884892 27.868562698364258 599
1670484885327 27.74466323852539 600
1670484885927 27.934207916259766 600
1670484886326 26.786962509155273 601
1670484886724 27.03757095336914 601
1670484887122 26.435977935791016 602
1670484887518 27.618209838867188 602
1670484887917 26.462440490722656 603
1670484888315 28.33580207824707 603
1670484888712 29.13443946838379 604
1670484889109 27.049280166625977 604
1670484889508 26.488672256469727 605
1670484889905 29.014827728271484 605
1670484890307 28.415321350097656 606
1670484890702 27.43898582458496 606
1670484891100 28.544607162475586 607
1670484891497 27.726428985595703 607
1670484891895 28.605484008789062 608
1670484892293 27.30536460876465 608
1670484892692 28.12213706970215 609
1670484893091 27.270917892456055 609
1670484893487 27.029911041259766 610
1670484893890 28.334003448486328 610
1670484894288 26.306825637817383 611
1670484894684 28.23518180847168 611
1670484895084 27.672636032104492 612
1670484895481 27.836429595947266 612
1670484895881 27.621471405029297 613
1670484896282 26.63129425048828 613
1670484896679 27.036075592041016 614
1670484897077 28.188873291015625 614
1670484897481 27.7276611328125 615
1670484897883 28.134937286376953 615
1670484898280 29.174848556518555 616
1670484898677 26.265493392944336 616
1670484899076 27.060209274291992 617
1670484899472 28.07633399963379 617
1670484899876 26.462825775146484 618
1670484900277 28.060428619384766 618
1670484900674 28.120397567749023 619
1670484901074 28.73277473449707 619
1670484901471 27.314483642578125 620
1670484901872 28.39022445678711 620
1670484902270 28.6083927154541 621
1670484902666 28.78663444519043 621
1670484903064 26.866958618164062 622
1670484903459 28.56707191467285 622
1670484903855 27.421863555908203 623
1670484904251 27.078453063964844 623
1670484904648 28.018680572509766 624
1670484905045 26.32377052307129 624
1670484905442 28.005155563354492 625
1670484905842 27.292762756347656 625
1670484906242 28.28428840637207 626
1670484906639 26.966541290283203 626
1670484907038 27.25658416748047 627
1670484907434 28.993881225585938 627
1670484907829 27.870534896850586 628
1670484908226 27.206085205078125 628
1670484908626 27.099626541137695 629
1670484909024 26.574926376342773 629
1670484909423 27.524280548095703 630
1670484909820 28.561704635620117 630
1670484910219 28.179353713989258 631
1670484910614 27.942113876342773 631
1670484911010 28.017786026000977 632
1670484911411 27.41498565673828 632
1670484911810 27.43114471435547 633
1670484912206 26.886018753051758 633
1670484912603 27.23698616027832 634
1670484913000 27.692880630493164 634
1670484913401 26.938037872314453 635
1670484913802 27.784366607666016 635
1670484914196 27.171138763427734 636
1670484914596 26.33915138244629 636
1670484914994 26.39949607849121 637
1670484915390 26.820322036743164 637
1670484915786 27.706710815429688 638
1670484916187 28.26446533203125 638
1670484916582 28.388538360595703 639
1670484916984 29.146350860595703 639
1670484917384 28.81353187561035 640
1670484917787 26.52947235107422 640
1670484918184 27.838327407836914 641
1670484918581 27.036697387695312 641
1670484918978 27.381147384643555 642
1670484919377 26.555713653564453 642
1670484919773 27.539474487304688 643
1670484920172 28.087881088256836 643
1670484920571 27.173768997192383 644
1670484920966 27.707901000976562 644
1670484921365 27.484600067138672 645
1670484921762 27.4451904296875 645
1670484922162 27.869043350219727 646
1670484922560 27.309844970703125 646
1670484922959 27.086280822753906 647
1670484923353 26.290517807006836 647
1670484923752 27.081653594970703 648
1670484924147 26.155868530273438 648
1670484924545 27.305158615112305 649
1670484924942 26.821178436279297 649
1670484925339 28.082887649536133 650
1670484925938 27.687772750854492 650
1670484926340 28.09181785583496 651
1670484926738 27.569747924804688 651
1670484927135 27.199047088623047 652
1670484927530 28.416723251342773 652
1670484927927 28.07455825805664 653
1670484928328 26.711380004882812 653
1670484928725 27.44478988647461 654
1670484929122 27.717668533325195 654
1670484929521 27.483604431152344 655
1670484929918 28.359169006347656 655
1670484930314 27.7485408782959 656
1670484930711 27.887054443359375 656
1670484931111 26.811494827270508 657
1670484931506 28.26097869873047 657
1670484931904 26.516857147216797 658
1670484932303 27.286619186401367 658
1670484932705 27.629959106445312 659
1670484933102 26.82990837097168 659
1670484933503 26.984148025512695 660
1670484933902 27.611820220947266 660
1670484934300 27.285139083862305 661
1670484934697 27.10454559326172 661
1670484935091 28.144420623779297 662
1670484935492 27.112150192260742 662
1670484935888 28.108837127685547 663
1670484936283 27.738786697387695 663
1670484936684 27.476179122924805 664
1670484937081 26.874835968017578 664
1670484937480 27.134605407714844 665
1670484937881 26.553123474121094 665
1670484938281 26.976682662963867 666
1670484938682 26.418743133544922 666
1670484939080 27.514123916625977 667
1670484939475 27.419822692871094 667
1670484939877 27.560962677001953 668
1670484940275 28.066059112548828 668
1670484940671 27.874935150146484 669
1670484941071 27.762537002563477 669
1670484941468 27.89154815673828 670
1670484941868 27.32695198059082 670
1670484942261 27.252986907958984 671
1670484942659 26.991872787475586 671
1670484943059 26.656801223754883 672
1670484943456 27.049999237060547 672
1670484943854 27.593196868896484 673
1670484944255 28.53455352783203 673
1670484944651 27.905508041381836 674
1670484945044 27.638307571411133 674
1670484945442 28.483570098876953 675
1670484945842 25.83799934387207 675
1670484946241 27.96794891357422 676
1670484946637 27.691856384277344 676
1670484947035 26.26569366455078 677
1670484947431 27.215368270874023 677
1670484947828 27.071514129638672 678
1670484948225 26.840871810913086 678
1670484948623 28.839191436767578 679
1670484949025 28.109752655029297 679
1670484949425 27.4289608001709 680
1670484949827 27.86606216430664 680
1670484950225 27.265676498413086 681
1670484950624 27.753494262695312 681
1670484951024 28.41842269897461 682
1670484951423 27.224655151367188 682
1670484951825 26.969942092895508 683
1670484952222 26.99240493774414 683
1670484952620 27.75042724609375 684
1670484953020 26.779865264892578 684
1670484953419 27.629819869995117 685
1670484953817 27.693349838256836 685
1670484954217 27.85894775390625 686
1670484954616 27.224084854125977 686
1670484955014 28.015796661376953 687
1670484955415 27.95204734802246 687
1670484955813 28.10907554626465 688
1670484956213 27.773683547973633 688
1670484956612 28.49679183959961 689
1670484957007 27.032527923583984 689
1670484957405 26.55610466003418 690
1670484957805 26.96333122253418 690
1670484958203 27.071407318115234 691
1670484958603 28.54421615600586 691
1670484958998 30.006521224975586 692
1670484959400 27.631183624267578 692
1670484959800 27.433490753173828 693
1670484960195 28.20382308959961 693
1670484960594 26.46133804321289 694
1670484960991 26.84922218322754 694
1670484961390 26.754348754882812 695
1670484961790 27.60260772705078 695
1670484962194 27.492555618286133 696
1670484962591 27.038198471069336 696
1670484962990 27.024242401123047 697
1670484963389 27.047531127929688 697
1670484963787 27.100767135620117 698
1670484964185 28.14090919494629 698
1670484964582 27.91316795349121 699
1670484964984 27.158344268798828 699
1670484965415 28.16534423828125 700
1670484966018 27.038652420043945 700
1670484966418 26.491008758544922 701
1670484966816 26.853591918945312 701
1670484967214 26.6423282623291 702
1670484967613 28.813777923583984 702
1670484968013 27.08199691772461 703
1670484968410 28.3815975189209 703
1670484968808 27.12801170349121 704
1670484969206 26.374055862426758 704
1670484969603 26.69870948791504 705
1670484970004 28.424346923828125 705
1670484970405 27.52564811706543 706
1670484970806 27.206684112548828 706
1670484971204 27.587825775146484 707
1670484971600 28.315561294555664 707
1670484972002 27.122102737426758 708
1670484972405 28.784404754638672 708
1670484972801 27.598196029663086 709
1670484973201 28.573917388916016 709
1670484973599 27.768083572387695 710
1670484973999 26.528844833374023 710
1670484974400 27.121173858642578 711
1670484974796 27.204805374145508 711
1670484975197 28.025297164916992 712
1670484975593 27.938446044921875 712
1670484975993 26.419130325317383 713
1670484976392 27.2857666015625 713
1670484976791 26.177066802978516 714
1670484977191 26.305421829223633 714
1670484977589 27.08133888244629 715
1670484977989 26.690534591674805 715
1670484978388 26.75394630432129 716
1670484978787 27.523906707763672 716
1670484979185 27.151548385620117 717
1670484979584 27.21220588684082 717
1670484979982 26.71535301208496 718
1670484980379 27.01787567138672 718
1670484980777 27.70610237121582 719
1670484981175 27.157079696655273 719
1670484981573 27.843961715698242 720
1670484981973 27.523923873901367 720
1670484982372 27.816967010498047 721
1670484982769 27.77471351623535 721
1670484983166 26.55842399597168 722
1670484983565 27.45818519592285 722
1670484983962 27.95425796508789 723
1670484984362 30.14683723449707 723
1670484984761 26.32811164855957 724
1670484985157 27.188636779785156 724
1670484985555 27.933929443359375 725
1670484985953 26.5258846282959 725
1670484986353 26.189804077148438 726
1670484986749 26.051700592041016 726
1670484987143 28.178895950317383 727
1670484987541 27.59141731262207 727
1670484987943 28.120750427246094 728
1670484988341 27.587390899658203 728
1670484988738 26.738773345947266 729
1670484989138 27.002302169799805 729
1670484989537 26.814002990722656 730
1670484989936 26.41716957092285 730
1670484990333 28.062864303588867 731
1670484990731 27.11102294921875 731
1670484991129 27.424335479736328 732
1670484991526 27.096269607543945 732
1670484991926 27.682985305786133 733
1670484992326 27.34203338623047 733
1670484992724 29.003522872924805 734
1670484993124 27.80106544494629 734
1670484993524 27.999807357788086 735
1670484993922 27.625837326049805 735
1670484994323 27.37693977355957 736
1670484994721 26.726661682128906 736
1670484995117 27.19727325439453 737
1670484995517 25.905643463134766 737
1670484995913 27.226961135864258 738
1670484996310 26.912765502929688 738
1670484996706 26.554235458374023 739
1670484997102 27.848106384277344 739
1670484997500 27.271718978881836 740
1670484997904 27.48023796081543 740
1670484998303 26.736223220825195 741
1670484998701 27.5203914642334 741
1670484999100 27.826688766479492 742
1670484999499 27.48846435546875 742
1670484999897 27.020706176757812 743
1670485000295 27.26639747619629 743
1670485000693 27.191070556640625 744
1670485001091 27.550992965698242 744
1670485001488 28.921192169189453 745
1670485001888 28.38912582397461 745
1670485002285 28.866308212280273 746
1670485002683 28.265329360961914 746
1670485003082 27.03839874267578 747
1670485003484 26.860382080078125 747
1670485003882 27.461200714111328 748
1670485004281 28.140186309814453 748
1670485004682 27.780838012695312 749
1670485005078 28.081140518188477 749
1670485005476 27.547964096069336 750
1670485067655 27.167095184326172 750
1670485068052 26.03506088256836 751
1670485068451 27.55464744567871 751
1670485068853 26.707761764526367 752
1670485069253 28.414718627929688 752
1670485069651 26.161691665649414 753
1670485070049 27.573305130004883 753
1670485070449 28.056921005249023 754
1670485070846 27.44572639465332 754
1670485071244 27.37315559387207 755
1670485071645 26.751916885375977 755
1670485072043 28.206106185913086 756
1670485072442 26.96759796142578 756
1670485072838 27.56689453125 757
1670485073238 28.898544311523438 757
1670485073637 26.92148208618164 758
1670485074034 27.689308166503906 758
1670485074434 27.505048751831055 759
1670485074833 26.81679344177246 759
1670485075232 29.13603973388672 760
1670485075634 27.434246063232422 760
1670485076034 28.40084457397461 761
1670485076433 28.049835205078125 761
1670485076832 27.83041000366211 762
1670485077229 27.560562133789062 762
1670485077627 27.485427856445312 763
1670485078026 27.667631149291992 763
1670485078427 26.834190368652344 764
1670485078825 27.914857864379883 764
1670485079227 27.68518829345703 765
1670485079626 27.61742401123047 765
1670485080027 27.71267318725586 766
1670485080423 28.83362579345703 766
1670485080821 26.157859802246094 767
1670485081222 28.37967872619629 767
1670485081619 28.921092987060547 768
