1670484221558 0.0018170280382037163 0
1670484283565 0.0018875838723033667 0
1670484283967 0.0027507569175213575 1
1670484284364 0.003036072477698326 1
1670484284762 0.002805232536047697 2
1670484285159 0.002161565935239196 2
1670484285557 0.0020449443254619837 3
1670484285952 0.0023966056760400534 3
1670484286350 0.002748817903921008 4
1670484286749 0.002203285461291671 4
1670484287147 0.0026810632552951574 5
1670484287547 0.0022771013900637627 5
1670484287946 0.0023964233696460724 6
1670484288344 0.002333130454644561 6
1670484288742 0.0026041800156235695 7
1670484289139 0.0023836747277528048 7
1670484289536 0.003059242619201541 8
1670484289934 0.0034326890017837286 8
1670484290330 0.0025364102330058813 9
1670484290727 0.0025413697585463524 9
1670484291121 0.0021730908192694187 10
1670484291518 0.0031286971643567085 10
1670484291913 0.0021530967205762863 11
1670484292308 0.0024260487407445908 11
1670484292705 0.0033089430071413517 12
1670484293104 0.0030985409393906593 12
1670484293500 0.002457871101796627 13
1670484293898 0.0021597067825496197 13
1670484294296 0.0031457822769880295 14
1670484294693 0.0024564103223383427 14
1670484295090 0.002500222297385335 15
1670484295484 0.002641952596604824 15
1670484295879 0.0022132056765258312 16
1670484296277 0.002709969412535429 16
1670484296674 0.0028696395456790924 17
1670484297068 0.0030535217374563217 17
1670484297468 0.002163416240364313 18
1670484297867 0.002836979925632477 18
1670484298263 0.0018687823321670294 19
1670484298662 0.0024173082783818245 19
1670484299057 0.0024991226382553577 20
1670484299458 0.0026806937530636787 20
1670484299856 0.0019447881495580077 21
1670484300251 0.0024173366837203503 21
1670484300646 0.001980952685698867 22
1670484301042 0.002466343343257904 22
1670484301438 0.0025931517593562603 23
1670484301837 0.002346005290746689 23
1670484302233 0.0019183451076969504 24
1670484302625 0.0027390969917178154 24
1670484303026 0.002530063269659877 25
1670484303423 0.0021413550712168217 25
1670484303822 0.0026348382234573364 26
1670484304219 0.0026878982316702604 26
1670484304615 0.0023242239840328693 27
1670484305011 0.00231303833425045 27
1670484305407 0.002010171767324209 28
1670484305801 0.002311435528099537 28
1670484306199 0.002131533110514283 29
1670484306596 0.0024226983077824116 29
1670484306991 0.0019405221100896597 30
1670484307390 0.002209837082773447 30
1670484307789 0.0017627740744501352 31
1670484308186 0.002208314836025238 31
1670484308582 0.0021725031547248363 32
1670484308978 0.0021388186141848564 32
1670484309377 0.0019948154222220182 33
1670484309772 0.0025631655007600784 33
1670484310168 0.0024570573586970568 34
1670484310563 0.0025695718359202147 34
1670484310962 0.0019765759352594614 35
1670484311359 0.002380187390372157 35
1670484311755 0.0022144457325339317 36
1670484312154 0.002834307961165905 36
1670484312553 0.0021317561622709036 37
1670484312949 0.002091666217893362 37
1670484313347 0.0019160965457558632 38
1670484313745 0.0016169868176802993 38
1670484314144 0.002334416378289461 39
1670484314542 0.0023009367287158966 39
1670484314937 0.002580775413662195 40
1670484315336 0.002417514566332102 40
1670484315734 0.002676587086170912 41
1670484316130 0.0022808515932410955 41
1670484316530 0.0030476213432848454 42
1670484316926 0.0025559058412909508 42
1670484317325 0.0016677302774041891 43
1670484317723 0.0023496137000620365 43
1670484318125 0.0022162024397403 44
1670484318524 0.0020628715865314007 44
1670484318919 0.0020923460833728313 45
1670484319314 0.0022497386671602726 45
1670484319712 0.0018391073681414127 46
1670484320107 0.002099404577165842 46
1670484320507 0.0024020234122872353 47
1670484320902 0.002235331805422902 47
1670484321298 0.002174963243305683 48
1670484321694 0.0022598309442400932 48
1670484322090 0.0017452507745474577 49
1670484322484 0.0018580227624624968 49
1670484322879 0.0021981506142765284 50
1670484323481 0.002483391435816884 50
1670484323878 0.001801416277885437 51
1670484324278 0.0022155912593007088 51
1670484324675 0.0021056707482784986 52
1670484325073 0.002036804100498557 52
1670484325472 0.001881405129097402 53
1670484325870 0.0021228210534900427 53
1670484326266 0.0026827510446310043 54
1670484326666 0.002290684264153242 54
1670484327063 0.002050270326435566 55
1670484327460 0.0014089159667491913 55
1670484327858 0.0017121186247095466 56
1670484328259 0.0017534010112285614 56
1670484328659 0.0024874249938875437 57
1670484329054 0.0015356679214164615 57
1670484329455 0.0019364686449989676 58
1670484329850 0.0020198244601488113 58
1670484330244 0.0019945092499256134 59
1670484330644 0.0015799400862306356 59
1670484331043 0.002422551391646266 60
1670484331442 0.0017678209114819765 60
1670484331839 0.0027286424301564693 61
1670484332239 0.0024189320392906666 61
1670484332639 0.0019570901058614254 62
1670484333036 0.002222478622570634 62
1670484333436 0.002886813133955002 63
1670484333832 0.002211348619312048 63
1670484334233 0.0019037205493077636 64
1670484334630 0.0018254503374919295 64
1670484335031 0.002161456272006035 65
1670484335429 0.0023330464027822018 65
1670484335829 0.002372871618717909 66
1670484336226 0.002165039535611868 66
1670484336624 0.0015786726726219058 67
1670484337021 0.0021934532560408115 67
1670484337419 0.0019623334519565105 68
1670484337814 0.0023653386160731316 68
1670484338212 0.002639615908265114 69
1670484338612 0.002690873108804226 69
1670484339013 0.002699970966205001 70
1670484339414 0.002784124342724681 70
1670484339811 0.0016733206575736403 71
1670484340207 0.002170960418879986 71
1670484340606 0.0023865303955972195 72
1670484341000 0.0022448012605309486 72
1670484341399 0.0019764623139053583 73
1670484341798 0.0013646369334310293 73
1670484342192 0.0024183427449315786 74
1670484342590 0.0019569736905395985 74
1670484342985 0.002473744098097086 75
1670484343380 0.002239924855530262 75
1670484343781 0.0021901759319007397 76
1670484344178 0.0021494643297046423 76
1670484344575 0.0017413784516975284 77
1670484344972 0.002371886745095253 77
1670484345367 0.002205892000347376 78
1670484345764 0.002158828778192401 78
1670484346159 0.002050220500677824 79
1670484346557 0.0019223684212192893 79
1670484346952 0.0014323381474241614 80
1670484347352 0.0021587111987173557 80
1670484347752 0.002041366882622242 81
1670484348153 0.001999370288103819 81
1670484348553 0.0023703721817582846 82
1670484348950 0.0018295779591426253 82
1670484349349 0.002005187561735511 83
1670484349747 0.00226516998372972 83
1670484350146 0.002267897827550769 84
1670484350547 0.001990893390029669 84
1670484350943 0.002522325376048684 85
1670484351341 0.002302369102835655 85
1670484351740 0.0018688607960939407 86
1670484352139 0.0018639415502548218 86
1670484352538 0.002641146071255207 87
1670484352936 0.0013561381492763758 87
1670484353331 0.0026894218754023314 88
1670484353727 0.0019291695207357407 88
1670484354128 0.002330355579033494 89
1670484354524 0.0023823403753340244 89
1670484354919 0.0018843322759494185 90
1670484355318 0.0027123354375362396 90
1670484355719 0.0021591889671981335 91
1670484356119 0.0017781369388103485 91
1670484356515 0.002402603393420577 92
1670484356916 0.0021654970478266478 92
1670484357312 0.0018623911309987307 93
1670484357715 0.0023543809074908495 93
1670484358115 0.0016017368761822581 94
1670484358513 0.0019568768329918385 94
1670484358911 0.0017993788933381438 95
1670484359310 0.0029103620909154415 95
1670484359707 0.0021292788442224264 96
1670484360108 0.002157585695385933 96
1670484360508 0.002162044635042548 97
1670484360905 0.0018804618157446384 97
1670484361306 0.0021104742772877216 98
1670484361703 0.002398818265646696 98
1670484362103 0.0020838603377342224 99
1670484362499 0.002015518955886364 99
1670484362931 0.002031623385846615 100
1670484363528 0.002155440393835306 100
1670484363924 0.0020799904596060514 101
1670484364320 0.0021280203945934772 101
1670484364718 0.0023634557146579027 102
1670484365113 0.00228637526743114 102
1670484365511 0.0022687609307467937 103
1670484365909 0.001919466769322753 103
1670484366305 0.0017876068595796824 104
1670484366701 0.0018102678004652262 104
1670484367098 0.0018616952002048492 105
1670484367493 0.0018739504739642143 105
1670484367890 0.0019192975014448166 106
1670484368289 0.0018340492388233542 106
1670484368687 0.0017097375821322203 107
1670484369083 0.0022390519734472036 107
1670484369478 0.0015230611898005009 108
1670484369878 0.0018841037526726723 108
1670484370279 0.0018304663244634867 109
1670484370676 0.0018742240499705076 109
1670484371077 0.001890158629976213 110
1670484371477 0.0020760023035109043 110
1670484371873 0.002073775976896286 111
1670484372270 0.0022481721825897694 111
1670484372667 0.0015111783286556602 112
1670484373063 0.0020033514592796564 112
1670484373458 0.001780106220394373 113
1670484373855 0.0018561965553089976 113
1670484374254 0.002042295876890421 114
1670484374653 0.0018956497078761458 114
1670484375050 0.0017248200019821525 115
1670484375446 0.0022149505093693733 115
1670484375843 0.0018813442438840866 116
1670484376238 0.001965025905519724 116
1670484376640 0.0018222912913188338 117
1670484377037 0.0017162145813927054 117
1670484377436 0.0026030114386230707 118
1670484377833 0.0023639905266463757 118
1670484378231 0.00196348549798131 119
1670484378630 0.001628936966881156 119
1670484379027 0.0019663190469145775 120
1670484379426 0.0017549034673720598 120
1670484379825 0.002099310513585806 121
1670484380223 0.0022643334232270718 121
1670484380619 0.0017630283255130053 122
1670484381016 0.001941152848303318 122
1670484381411 0.002376837655901909 123
1670484381808 0.0022172853350639343 123
1670484382206 0.0021612653508782387 124
1670484382604 0.002595727564767003 124
1670484383003 0.0023398026823997498 125
1670484383401 0.0018884427845478058 125
1670484383801 0.0023888968862593174 126
1670484384198 0.0022996829356998205 126
1670484384597 0.0024867167230695486 127
1670484384994 0.001759686041623354 127
1670484385397 0.0015291831223294139 128
1670484385793 0.002156852977350354 128
1670484386191 0.00204067281447351 129
1670484386589 0.0016630718018859625 129
1670484386984 0.002569132251664996 130
1670484387378 0.001942673698067665 130
1670484387776 0.0016648191958665848 131
1670484388172 0.001632277388125658 131
1670484388568 0.002396500203758478 132
1670484388969 0.0022331264335662127 132
1670484389367 0.002066519809886813 133
1670484389767 0.0026185689494013786 133
1670484390166 0.0018484080210328102 134
1670484390564 0.001990014221519232 134
1670484390963 0.0017413587775081396 135
1670484391360 0.0025716410018503666 135
1670484391758 0.0018609787803143263 136
1670484392156 0.00225509493611753 136
1670484392551 0.0018652377184480429 137
1670484392950 0.00213469541631639 137
1670484393348 0.0022266607265919447 138
1670484393744 0.0021680656354874372 138
1670484394143 0.002318578539416194 139
1670484394542 0.0018402021378278732 139
1670484394940 0.0020802365615963936 140
1670484395338 0.0014281229814514518 140
1670484395736 0.002265186980366707 141
1670484396132 0.0014565102756023407 141
1670484396531 0.0014546540332958102 142
1670484396929 0.0021850813645869493 142
1670484397329 0.0017115948721766472 143
1670484397730 0.002157564042136073 143
1670484398125 0.001870584674179554 144
1670484398525 0.0019645611755549908 144
1670484398926 0.0024263281375169754 145
1670484399323 0.002574437763541937 145
1670484399720 0.002479908522218466 146
1670484400119 0.0022884791251271963 146
1670484400516 0.002274629194289446 147
1670484400914 0.0019674000795930624 147
1670484401312 0.0024157583247870207 148
1670484401707 0.00195860443636775 148
1670484402104 0.0019459336763247848 149
1670484402503 0.002163756638765335 149
1670484402901 0.002429097658023238 150
1670484403499 0.001714662415906787 150
1670484403897 0.0017963958671316504 151
1670484404295 0.002125026658177376 151
1670484404694 0.001639715163037181 152
1670484405094 0.002032151911407709 152
1670484405493 0.0024068490602076054 153
1670484405892 0.0024998695589601994 153
1670484406290 0.0019996250048279762 154
1670484406684 0.0022348416969180107 154
1670484407080 0.00225334195420146 155
1670484407477 0.0024830142501741648 155
1670484407875 0.0012844584416598082 156
1670484408272 0.0026467766147106886 156
1670484408670 0.0016893628053367138 157
1670484409066 0.0026614381931722164 157
1670484409465 0.0021145278587937355 158
1670484409861 0.001815110445022583 158
1670484410258 0.0021825209259986877 159
1670484410657 0.0018625722732394934 159
1670484411055 0.0018011911306530237 160
1670484411453 0.002236821223050356 160
1670484411850 0.002071226481348276 161
1670484412248 0.002421629149466753 161
1670484412645 0.002229908248409629 162
1670484413042 0.002400807337835431 162
1670484413442 0.0023245655465871096 163
1670484413839 0.0022832010872662067 163
1670484414239 0.002401933539658785 164
1670484414634 0.0020936212968081236 164
1670484415030 0.0021491895895451307 165
1670484415427 0.002269650809466839 165
1670484415825 0.001722407527267933 166
1670484416223 0.00240860553458333 166
1670484416622 0.001793021336197853 167
1670484417022 0.002164111938327551 167
1670484417421 0.0018059409921988845 168
1670484417819 0.001987702213227749 168
1670484418217 0.0023688222281634808 169
1670484418616 0.002411317080259323 169
1670484419011 0.0019172269385308027 170
1670484419411 0.0016278078546747565 170
1670484419810 0.0023549413308501244 171
1670484420210 0.0017904330743476748 171
1670484420607 0.002571775345131755 172
1670484421005 0.002136033959686756 172
1670484421401 0.001969445962458849 173
1670484421801 0.0019344768952578306 173
1670484422197 0.0027980701997876167 174
1670484422592 0.002104996470734477 174
1670484422991 0.0023322943598031998 175
1670484423387 0.00223678071051836 175
1670484423784 0.0026040393859148026 176
1670484424182 0.0018474234966561198 176
1670484424579 0.0014900541864335537 177
1670484424974 0.002152926754206419 177
1670484425371 0.002043246291577816 178
1670484425767 0.002140833530575037 178
1670484426164 0.0016009932151064277 179
1670484426562 0.002042324747890234 179
1670484426962 0.001956550171598792 180
1670484427360 0.0022840313613414764 180
1670484427757 0.0022087106481194496 181
1670484428154 0.002488665049895644 181
1670484428558 0.0015280682127922773 182
1670484428954 0.0015589883551001549 182
1670484429349 0.002170578110963106 183
1670484429749 0.002033788012340665 183
1670484430147 0.002074328949674964 184
1670484430545 0.0019305970054119825 184
1670484430945 0.0021735262125730515 185
1670484431340 0.0021256133913993835 185
1670484431741 0.0025618919171392918 186
1670484432139 0.0017526678275316954 186
1670484432541 0.0021673766896128654 187
1670484432939 0.0016650373581796885 187
1670484433340 0.001520028687082231 188
1670484433737 0.0022839284501969814 188
1670484434134 0.0024238012265414 189
1670484434531 0.002053601201623678 189
1670484434931 0.002222092356532812 190
1670484435332 0.0025376267731189728 190
1670484435728 0.0024678674526512623 191
1670484436126 0.0016415051650255919 191
1670484436524 0.0023728194646537304 192
1670484436924 0.0021374437492340803 192
1670484437326 0.0017454668413847685 193
1670484437724 0.002074046991765499 193
1670484438122 0.0020394797902554274 194
1670484438519 0.002475364599376917 194
1670484438915 0.0016309262719005346 195
1670484439313 0.002568463096395135 195
1670484439712 0.0018306103302165866 196
1670484440108 0.0019174808403477073 196
1670484440509 0.0016507897526025772 197
1670484440910 0.0026607844047248363 197
1670484441310 0.0019842064939439297 198
1670484441709 0.001918325200676918 198
1670484442111 0.001312066800892353 199
1670484442510 0.0017732556443661451 199
1670484442940 0.0016184078995138407 200
1670484443540 0.0018469411879777908 200
1670484443938 0.0017587875481694937 201
1670484444335 0.001852976973168552 201
1670484444731 0.002544014947488904 202
1670484445132 0.0019156367052346468 202
1670484445532 0.0018699381034821272 203
1670484445932 0.0016318055568262935 203
1670484446329 0.0018079038709402084 204
1670484446727 0.0020378136541694403 204
1670484447127 0.0021506366319954395 205
1670484447522 0.001738227903842926 205
1670484447921 0.001820825506001711 206
1670484448316 0.0020469697192311287 206
1670484448716 0.0020947090815752745 207
1670484449114 0.002582231303676963 207
1670484449514 0.002611786825582385 208
1670484449913 0.0019058908801525831 208
1670484450314 0.0014838370261713862 209
1670484450709 0.0019668699242174625 209
1670484451108 0.0016343025490641594 210
1670484451508 0.001505015417933464 210
1670484451908 0.0018267988925799727 211
1670484452308 0.002055444987490773 211
1670484452705 0.0022290439810603857 212
1670484453101 0.002177125308662653 212
1670484453497 0.0016270771156996489 213
1670484453895 0.0019804451148957014 213
1670484454295 0.0016948878765106201 214
1670484454692 0.0019630962051451206 214
1670484455091 0.0015909750945866108 215
1670484455487 0.0020550950430333614 215
1670484455885 0.001603992423042655 216
1670484456279 0.0016631766920909286 216
1670484456682 0.0016737155383452773 217
1670484457080 0.0016319500282406807 217
1670484457476 0.0021494324319064617 218
1670484457878 0.00213197385892272 218
1670484458275 0.001528169377706945 219
1670484458673 0.002082980237901211 219
1670484459072 0.002340668812394142 220
1670484459473 0.0016718957340344787 220
1670484459872 0.0026330631226301193 221
1670484460270 0.001660594018176198 221
1670484460666 0.0018839037511497736 222
1670484461066 0.002452865242958069 222
1670484461463 0.0013925060629844666 223
1670484461859 0.001953231869265437 223
1670484462255 0.0020362315699458122 224
1670484462652 0.002004100475460291 224
1670484463048 0.0015134833520278335 225
1670484463445 0.0019384267507120967 225
1670484463842 0.0015231338329613209 226
1670484464240 0.0018844667356461287 226
1670484464637 0.0019396264106035233 227
1670484465033 0.0021363438572734594 227
1670484465432 0.0020491403993219137 228
1670484465830 0.001983486581593752 228
1670484466226 0.0019457831513136625 229
1670484466623 0.001819876371882856 229
1670484467025 0.0018174038268625736 230
1670484467421 0.001967583317309618 230
1670484467823 0.0018253941088914871 231
1670484468222 0.0023417938500642776 231
1670484468619 0.0012262206291779876 232
1670484469013 0.001766803557984531 232
1670484469411 0.0022971935104578733 233
1670484469808 0.0019734394736588 233
1670484470204 0.0015748030273243785 234
1670484470601 0.0017261439934372902 234
1670484470999 0.0017603931482881308 235
1670484471397 0.0022904754150658846 235
1670484471796 0.001354033942334354 236
1670484472195 0.0019396085990592837 236
1670484472592 0.0018667451804503798 237
1670484472989 0.001549646258354187 237
1670484473391 0.0015922258608043194 238
1670484473789 0.0018557598814368248 238
1670484474184 0.001889288192614913 239
1670484474582 0.0021443034056574106 239
1670484474978 0.0018091642996296287 240
1670484475374 0.0023012165911495686 240
1670484475771 0.0021097278222441673 241
1670484476167 0.0017533088102936745 241
1670484476564 0.001736031612381339 242
1670484476958 0.002269455697387457 242
1670484477355 0.0016965193208307028 243
1670484477752 0.002140869852155447 243
1670484478151 0.0017053240444511175 244
1670484478550 0.0018375907093286514 244
1670484478948 0.001978065585717559 245
1670484479345 0.0021748950239270926 245
1670484479744 0.0017695014830678701 246
1670484480140 0.001973687903955579 246
1670484480540 0.0017420228105038404 247
1670484480934 0.001577317132614553 247
1670484481337 0.0023202369920909405 248
1670484481734 0.0023344052024185658 248
1670484482133 0.0018795423675328493 249
1670484482529 0.001678891945630312 249
1670484482927 0.0018989844247698784 250
1670484544736 0.0019820346496999264 250
1670484545136 0.0012398292310535908 251
1670484545532 0.0016876226291060448 251
1670484545930 0.002189564285799861 252
1670484546331 0.0021785139106214046 252
1670484546728 0.0019910703413188457 253
1670484547123 0.0021783350966870785 253
1670484547520 0.001754156081005931 254
1670484547917 0.0023062394466251135 254
1670484548314 0.001899261842481792 255
1670484548710 0.002090587979182601 255
1670484549107 0.001940953778102994 256
1670484549503 0.0018899349961429834 256
1670484549900 0.002393776550889015 257
1670484550298 0.001888648490421474 257
1670484550697 0.0020477459765970707 258
1670484551095 0.0022993371821939945 258
1670484551497 0.0018716249614953995 259
1670484551893 0.002047920133918524 259
1670484552291 0.001516756834462285 260
1670484552688 0.003064391203224659 260
1670484553087 0.0020725694485008717 261
1670484553488 0.0019235012587159872 261
1670484553887 0.0015098945004865527 262
1670484554281 0.0019370552618056536 262
1670484554680 0.0016743827145546675 263
1670484555079 0.0018287308048456907 263
1670484555476 0.0017218207940459251 264
1670484555873 0.0018780676182359457 264
1670484556272 0.0016259889816865325 265
1670484556676 0.0019345965702086687 265
1670484557074 0.0020265448838472366 266
1670484557469 0.00220993859693408 266
1670484557871 0.0015088319778442383 267
1670484558270 0.0015147109515964985 267
1670484558669 0.0017786214593797922 268
1670484559066 0.0016591961029917002 268
1670484559465 0.0016544045647606254 269
1670484559861 0.002243490656837821 269
1670484560257 0.0019355777185410261 270
1670484560658 0.0014803152298554778 270
1670484561057 0.0026498823426663876 271
1670484561456 0.001685794210061431 271
1670484561855 0.0018746558343991637 272
1670484562252 0.0015026123728603125 272
1670484562650 0.002039148472249508 273
1670484563047 0.002482239156961441 273
1670484563445 0.0019192233448848128 274
1670484563839 0.002076302422210574 274
1670484564236 0.0018593402346596122 275
1670484564633 0.0019348196219652891 275
1670484565030 0.002082720398902893 276
1670484565426 0.0021415206138044596 276
1670484565825 0.001704660477116704 277
1670484566223 0.002013090532273054 277
1670484566618 0.0023659421131014824 278
1670484567017 0.0024693459272384644 278
1670484567416 0.002338067162781954 279
1670484567812 0.0019111809087917209 279
1670484568213 0.0019622594118118286 280
1670484568611 0.0018979068845510483 280
1670484569009 0.0014174138195812702 281
1670484569405 0.002512210514396429 281
1670484569802 0.0019023925997316837 282
1670484570202 0.001999719999730587 282
1670484570600 0.0024469858035445213 283
1670484570997 0.0016709615010768175 283
1670484571395 0.002371674869209528 284
1670484571793 0.0022170585580170155 284
1670484572192 0.0020829944405704737 285
1670484572589 0.001617702073417604 285
1670484572988 0.0013640833785757422 286
1670484573387 0.001485452870838344 286
1670484573785 0.0022440822795033455 287
1670484574180 0.0019762329757213593 287
1670484574577 0.0018949259538203478 288
1670484574977 0.0020711254328489304 288
1670484575378 0.0014893391635268927 289
1670484575775 0.0013241274282336235 289
1670484576173 0.0018222130602225661 290
1670484576575 0.0022326535545289516 290
1670484576976 0.0022284025326371193 291
1670484577374 0.0024646655656397343 291
1670484577773 0.0026774778962135315 292
1670484578171 0.0016950713470578194 292
1670484578572 0.001646817079745233 293
1670484578968 0.0018354965141043067 293
1670484579367 0.0021472787484526634 294
1670484579761 0.0019318282138556242 294
1670484580160 0.0023092927876859903 295
1670484580561 0.0016618750523775816 295
1670484580960 0.0020759853068739176 296
1670484581356 0.0013952081790193915 296
1670484581755 0.0021089334040880203 297
1670484582153 0.0023568999022245407 297
1670484582551 0.0015064999461174011 298
1670484582950 0.001860636635683477 298
1670484583350 0.0013311364455148578 299
1670484583743 0.0016375649720430374 299
1670484584176 0.0017810279969125986 300
1670484584772 0.0021126552019268274 300
1670484585169 0.0018672565929591656 301
1670484585566 0.002001931658014655 301
1670484585962 0.0017713771667331457 302
1670484586359 0.001956877764314413 302
1670484586761 0.0022360901348292828 303
1670484587158 0.0016643970739096403 303
1670484587556 0.002078630030155182 304
1670484587954 0.001808137516491115 304
1670484588354 0.0018931606318801641 305
1670484588753 0.0025831330567598343 305
1670484589152 0.0016316333785653114 306
1670484589549 0.0019402492325752974 306
1670484589947 0.0022990615107119083 307
1670484590345 0.0017430009320378304 307
1670484590745 0.0015087369829416275 308
1670484591141 0.002283460460603237 308
1670484591536 0.002146657556295395 309
1670484591936 0.0021360309328883886 309
1670484592332 0.0016635296633467078 310
1670484592731 0.001838963245972991 310
1670484593129 0.0021923454478383064 311
1670484593527 0.002281809691339731 311
1670484593922 0.0021396749652922153 312
1670484594317 0.0021790938917547464 312
1670484594716 0.0033246229868382215 313
1670484595117 0.001910461112856865 313
1670484595514 0.0025137257762253284 314
1670484595910 0.00203204364515841 314
1670484596306 0.001946934382431209 315
1670484596704 0.0013878373429179192 315
1670484597100 0.0022011762484908104 316
1670484597500 0.002129486296325922 316
1670484597897 0.0017099473625421524 317
1670484598294 0.001759944250807166 317
1670484598692 0.0020272424444556236 318
1670484599091 0.0020931228064000607 318
1670484599488 0.001533266855403781 319
1670484599885 0.0016948559787124395 319
1670484600283 0.002060733735561371 320
1670484600682 0.0021213730797171593 320
1670484601080 0.0019140951335430145 321
1670484601478 0.001958700828254223 321
1670484601879 0.001969459466636181 322
1670484602279 0.001385574578307569 322
1670484602675 0.002055761171504855 323
1670484603075 0.0020323977805674076 323
1670484603474 0.002090761438012123 324
1670484603870 0.0019546393305063248 324
1670484604269 0.0022858930751681328 325
1670484604668 0.0019488015677779913 325
1670484605064 0.0024489276111125946 326
1670484605462 0.0019586249254643917 326
1670484605859 0.0011294814758002758 327
1670484606255 0.0017754754517227411 327
1670484606653 0.002111965324729681 328
1670484607053 0.002185072982683778 328
1670484607453 0.002065936103463173 329
1670484607852 0.001504232524894178 329
1670484608252 0.002035412471741438 330
1670484608652 0.002826843410730362 330
1670484609049 0.0019260807894170284 331
1670484609450 0.002544097136706114 331
1670484609850 0.0021683350205421448 332
1670484610250 0.0017626653425395489 332
1670484610648 0.0018383434507995844 333
1670484611044 0.0019688326865434647 333
1670484611444 0.0018479987047612667 334
1670484611844 0.002054092474281788 334
1670484612242 0.0017697024159133434 335
1670484612641 0.0017057093791663647 335
1670484613043 0.002185300923883915 336
1670484613440 0.002631214214488864 336
1670484613841 0.002614211291074753 337
1670484614244 0.002414088696241379 337
1670484614642 0.002144093159586191 338
1670484615040 0.0019754632376134396 338
1670484615439 0.0019643758423626423 339
1670484615840 0.0025823635514825583 339
1670484616237 0.0017267658840864897 340
1670484616633 0.0020961067639291286 340
1670484617032 0.0023905206471681595 341
1670484617428 0.0022043385542929173 341
1670484617830 0.0019029503455385566 342
1670484618227 0.0018932207021862268 342
1670484618627 0.0022919904440641403 343
1670484619023 0.0021365180145949125 343
1670484619424 0.0013870391994714737 344
1670484619822 0.0016936938045546412 344
1670484620218 0.0017788163386285305 345
1670484620616 0.0017009213333949447 345
1670484621012 0.0018738455837592483 346
1670484621408 0.0020103827118873596 346
1670484621804 0.002179322997108102 347
1670484622201 0.0019442893099039793 347
1670484622600 0.0025707115419209003 348
1670484623000 0.0015616731252521276 348
1670484623403 0.0018882047152146697 349
1670484623800 0.0021158279851078987 349
1670484624198 0.0017945787403732538 350
1670484624798 0.0015811061020940542 350
1670484625201 0.0016393562545999885 351
1670484625598 0.0022585196420550346 351
1670484625995 0.0019512323196977377 352
1670484626396 0.002050079870969057 352
1670484626792 0.0022326353937387466 353
1670484627188 0.0026057232171297073 353
1670484627583 0.0019179086666554213 354
1670484627981 0.0020789275877177715 354
1670484628377 0.0014073032652959228 355
1670484628774 0.001811751164495945 355
1670484629171 0.0018481349106878042 356
1670484629568 0.001599309965968132 356
1670484629962 0.0020256356801837683 357
1670484630358 0.001891545718535781 357
1670484630754 0.0017209829529747367 358
1670484631151 0.0017573677469044924 358
1670484631547 0.0022393683902919292 359
1670484631944 0.0019581210799515247 359
1670484632344 0.0024146742653101683 360
1670484632740 0.0015972384717315435 360
1670484633138 0.0025520483031868935 361
1670484633533 0.001143179484643042 361
1670484633931 0.0017157280817627907 362
1670484634326 0.0017987241735681891 362
1670484634726 0.0015396596863865852 363
1670484635124 0.0016293454682454467 363
1670484635522 0.0020773247815668583 364
1670484635919 0.002007425297051668 364
1670484636318 0.002368622925132513 365
1670484636714 0.0020685791969299316 365
1670484637110 0.0019856130238622427 366
1670484637507 0.002162403892725706 366
1670484637905 0.002712920308113098 367
1670484638302 0.002610553754493594 367
1670484638698 0.0019247625023126602 368
1670484639099 0.001885266974568367 368
1670484639498 0.0018098121508955956 369
1670484639894 0.0019662785343825817 369
1670484640294 0.002380965044721961 370
1670484640694 0.001809210516512394 370
1670484641091 0.0020319835748523474 371
1670484641488 0.0017270483076572418 371
1670484641886 0.0017557647079229355 372
1670484642281 0.0013366587227210402 372
1670484642677 0.002408544532954693 373
1670484643077 0.002068612724542618 373
1670484643473 0.0014578858390450478 374
1670484643871 0.0020840938668698072 374
1670484644265 0.0019127652049064636 375
1670484644663 0.00199510483071208 375
1670484645062 0.0014063261914998293 376
1670484645461 0.002296835882589221 376
1670484645858 0.001993665238842368 377
1670484646257 0.001965991221368313 377
1670484646655 0.0016503313090652227 378
1670484647054 0.0022913794964551926 378
1670484647451 0.0021606709342449903 379
1670484647849 0.0016887341625988483 379
1670484648247 0.001632234430871904 380
1670484648644 0.0019100294448435307 380
1670484649042 0.0018294730689376593 381
1670484649439 0.0020593181252479553 381
1670484649837 0.002066190354526043 382
1670484650237 0.0018061853479593992 382
1670484650633 0.001827361062169075 383
1670484651030 0.002663669642060995 383
1670484651430 0.001823210041038692 384
1670484651828 0.001804374041967094 384
1670484652228 0.0019125122344121337 385
1670484652629 0.0017313992138952017 385
1670484653025 0.0020294783171266317 386
1670484653422 0.0020132074132561684 386
1670484653821 0.0018084419425576925 387
1670484654215 0.001829212298616767 387
1670484654614 0.0022004079073667526 388
1670484655015 0.0020444635301828384 388
1670484655413 0.0014652799582108855 389
1670484655809 0.0025067206006497145 389
1670484656207 0.0018803089624270797 390
1670484656606 0.001322099706158042 390
1670484657004 0.0019468707032501698 391
1670484657400 0.0019744401797652245 391
1670484657800 0.002200524089857936 392
1670484658200 0.0018798413220793009 392
1670484658598 0.0021932674571871758 393
1670484658995 0.0019677402451634407 393
1670484659393 0.002534739440307021 394
1670484659789 0.002230034675449133 394
1670484660187 0.0018875766545534134 395
1670484660585 0.0026495957281440496 395
1670484660981 0.00179681449662894 396
1670484661375 0.0019061071798205376 396
1670484661774 0.002211091574281454 397
1670484662172 0.001529407105408609 397
1670484662572 0.00200244365260005 398
1670484662969 0.0018464569002389908 398
1670484663367 0.001988407224416733 399
1670484663764 0.0018389502074569464 399
1670484664198 0.002094353549182415 400
1670484664797 0.0015128403902053833 400
1670484665194 0.0018207960529252887 401
1670484665594 0.001336537767201662 401
1670484665993 0.0017333192517980933 402
1670484666392 0.001783016137778759 402
1670484666793 0.0016811424866318703 403
1670484667193 0.0015988670056685805 403
1670484667589 0.0019296007230877876 404
1670484667987 0.0015859650447964668 404
1670484668385 0.0016767800552770495 405
1670484668782 0.0015932144597172737 405
1670484669178 0.0021553211845457554 406
1670484669573 0.0023544945288449526 406
1670484669974 0.002056710422039032 407
1670484670371 0.0018720878288149834 407
1670484670769 0.002779722912237048 408
1670484671169 0.0015954223927110434 408
1670484671567 0.002384989056736231 409
1670484671964 0.001870849635452032 409
1670484672361 0.002173488959670067 410
1670484672758 0.0019139036303386092 410
1670484673159 0.0018878262490034103 411
1670484673557 0.002375106094405055 411
1670484673955 0.0017874834593385458 412
1670484674350 0.0017903158441185951 412
1670484674749 0.0018038887064903975 413
1670484675145 0.0013942969962954521 413
1670484675544 0.0017885671695694327 414
1670484675942 0.0018487449269741774 414
1670484676340 0.0019294539233669639 415
1670484676740 0.0022088014520704746 415
1670484677136 0.0018611822742968798 416
1670484677533 0.0020562978461384773 416
1670484677930 0.0023065092973411083 417
1670484678327 0.0017571374773979187 417
1670484678724 0.001709227915853262 418
1670484679124 0.0018108491785824299 418
1670484679522 0.002059159567579627 419
1670484679920 0.0018239906057715416 419
1670484680320 0.002482370240613818 420
1670484680720 0.0022465651854872704 420
1670484681120 0.001810148125514388 421
1670484681518 0.00166197563521564 421
1670484681917 0.0017177520785480738 422
1670484682315 0.0023787515237927437 422
1670484682711 0.001743767410516739 423
1670484683112 0.0014620180008932948 423
1670484683513 0.0023267457727342844 424
1670484683908 0.0022176052443683147 424
1670484684305 0.0020615849643945694 425
1670484684701 0.001958256820216775 425
1670484685098 0.002290779259055853 426
1670484685493 0.0012882115552201867 426
1670484685889 0.001975010149180889 427
1670484686289 0.0018674021121114492 427
1670484686687 0.0021896495018154383 428
1670484687086 0.002133729634806514 428
1670484687484 0.0025521283969283104 429
1670484687880 0.002120405901223421 429
1670484688276 0.0018509061774238944 430
1670484688674 0.0015271136071532965 430
1670484689070 0.0014574526576325297 431
1670484689465 0.0018424809677526355 431
1670484689863 0.0023984028957784176 432
1670484690258 0.002067663474008441 432
1670484690658 0.0014953952049836516 433
1670484691054 0.0020924299024045467 433
1670484691451 0.001406957278959453 434
1670484691846 0.002216856926679611 434
1670484692244 0.0017206522170454264 435
1670484692641 0.0017847152194008231 435
1670484693037 0.0018627212848514318 436
1670484693434 0.0015039959689602256 436
1670484693831 0.0016998408827930689 437
1670484694229 0.0014214494731277227 437
1670484694626 0.0020898920483887196 438
1670484695024 0.0022960403002798557 438
1670484695420 0.0017670367378741503 439
1670484695816 0.001650224789045751 439
1670484696216 0.0015517461579293013 440
1670484696613 0.0017426186241209507 440
1670484697012 0.0017004439141601324 441
1670484697411 0.0020116097293794155 441
1670484697809 0.0015648521948605776 442
1670484698206 0.0018124422058463097 442
1670484698606 0.0018148329108953476 443
1670484699004 0.0013487364631146193 443
1670484699409 0.0017091799527406693 444
1670484699805 0.0018576182192191482 444
1670484700204 0.002006262307986617 445
1670484700602 0.002098233439028263 445
1670484701000 0.0014210207154974341 446
1670484701397 0.0015608929097652435 446
1670484701793 0.0015761745162308216 447
1670484702189 0.0018413647776469588 447
1670484702586 0.0020341575145721436 448
1670484702984 0.0019563438836485147 448
1670484703379 0.0018982663750648499 449
1670484703777 0.0017775334417819977 449
1670484704178 0.001543582184240222 450
1670484704774 0.001884953468106687 450
1670484705175 0.001729895593598485 451
1670484705572 0.0016403989866375923 451
1670484705968 0.002323788357898593 452
1670484706367 0.0016268858453258872 452
1670484706764 0.0014995349338278174 453
1670484707161 0.002083850558847189 453
1670484707560 0.0018623883370310068 454
1670484707956 0.002652538474649191 454
1670484708355 0.001574360765516758 455
1670484708751 0.001709619304165244 455
1670484709151 0.0016042925417423248 456
1670484709550 0.0018123353365808725 456
1670484709949 0.0018121390603482723 457
1670484710344 0.0016256028320640326 457
1670484710742 0.0021662628278136253 458
1670484711140 0.0016741100698709488 458
1670484711536 0.0018373531056568027 459
1670484711935 0.001558090909384191 459
1670484712333 0.001759238075464964 460
1670484712730 0.002093435963615775 460
1670484713128 0.0025125150568783283 461
1670484713527 0.0018030181527137756 461
1670484713927 0.0020405505783855915 462
1670484714324 0.0020316089503467083 462
1670484714721 0.001713157631456852 463
1670484715119 0.0021619643084704876 463
1670484715517 0.0014754080912098289 464
1670484715914 0.0015028335619717836 464
1670484716313 0.002124881837517023 465
1670484716711 0.0012578768655657768 465
1670484717110 0.0019466578960418701 466
1670484717506 0.0021070968359708786 466
1670484717906 0.0021333443000912666 467
1670484718305 0.0017868371214717627 467
1670484718705 0.0018322946270927787 468
1670484719101 0.0014893630286678672 468
1670484719498 0.0015371758490800858 469
1670484719893 0.0018583391793072224 469
1670484720291 0.0013474319130182266 470
1670484720688 0.0016140587395057082 470
1670484721085 0.0013058416079729795 471
1670484721482 0.0019895946606993675 471
1670484721883 0.0018755996134132147 472
1670484722283 0.0018123302143067122 472
1670484722680 0.0018446882022544742 473
1670484723081 0.002202690113335848 473
1670484723480 0.002060595666989684 474
1670484723876 0.0022314409725368023 474
1670484724275 0.0015026489272713661 475
1670484724673 0.0016535648610442877 475
1670484725073 0.0019149169092997909 476
1670484725469 0.0016668973257765174 476
1670484725868 0.001933871186338365 477
1670484726265 0.0021127904765307903 477
1670484726663 0.0023448443971574306 478
1670484727061 0.0018470104550942779 478
1670484727459 0.002029860857874155 479
1670484727856 0.0021455208770930767 479
1670484728254 0.0011717481538653374 480
1670484728652 0.0015892721712589264 480
1670484729050 0.0016531840665265918 481
1670484729448 0.0018089527729898691 481
1670484729847 0.0018747830763459206 482
1670484730243 0.002123192884027958 482
1670484730641 0.001562455901876092 483
1670484731039 0.0014322147471830249 483
1670484731436 0.001582100405357778 484
1670484731835 0.0016576519701629877 484
1670484732230 0.0020094297360628843 485
1670484732625 0.002585026668384671 485
1670484733022 0.002036661608144641 486
1670484733418 0.0019689821638166904 486
1670484733814 0.0019846083596348763 487
1670484734211 0.002241584239527583 487
1670484734608 0.0016729820054024458 488
1670484735003 0.0018477457342669368 488
1670484735401 0.0017142717260867357 489
1670484735800 0.001921500894241035 489
1670484736198 0.002144044730812311 490
1670484736594 0.002321929205209017 490
1670484736994 0.0019299276173114777 491
1670484737392 0.002460779156535864 491
1670484737790 0.002110352274030447 492
1670484738191 0.0019512654980644584 492
1670484738591 0.0016181295504793525 493
1670484738989 0.002110930159687996 493
1670484739387 0.001731337746605277 494
1670484739785 0.0017752742860466242 494
1670484740183 0.0022803801111876965 495
1670484740577 0.0014138966798782349 495
1670484740975 0.0017392823938280344 496
1670484741368 0.0016573256580159068 496
1670484741767 0.0018746908754110336 497
1670484742164 0.0016759149730205536 497
1670484742560 0.0016228234162554145 498
1670484742957 0.001830854220315814 498
1670484743355 0.002388112246990204 499
1670484743748 0.0019780071452260017 499
1670484744177 0.001916513661853969 500
1670484805970 0.0017328897956758738 500
1670484806364 0.002117504831403494 501
1670484806764 0.0023729619570076466 501
1670484807161 0.0021149544045329094 502
1670484807560 0.0018755773780867457 502
1670484807957 0.0019846714567393064 503
1670484808352 0.001719210296869278 503
1670484808752 0.0015978588489815593 504
1670484809152 0.0014576166868209839 504
1670484809546 0.0014615487307310104 505
1670484809943 0.0017472737235948443 505
1670484810341 0.0015158536843955517 506
1670484810741 0.001617408124729991 506
1670484811142 0.0012921863235533237 507
1670484811539 0.001440266496501863 507
1670484811936 0.0021146282088011503 508
1670484812332 0.0021218713372945786 508
1670484812726 0.0019811452366411686 509
1670484813121 0.002170503605157137 509
1670484813520 0.0022263494320213795 510
1670484813915 0.0016685448354110122 510
1670484814315 0.002125012455508113 511
1670484814712 0.0018850865308195353 511
1670484815112 0.0016455244040116668 512
1670484815511 0.0019978657364845276 512
1670484815909 0.002077994868159294 513
1670484816306 0.002635411685332656 513
1670484816703 0.0014355554012581706 514
1670484817098 0.0018759488593786955 514
1670484817494 0.0021100982557982206 515
1670484817892 0.0013972672168165445 515
1670484818290 0.0023980550467967987 516
1670484818689 0.0015323495026677847 516
1670484819084 0.0018144085770472884 517
1670484819482 0.0019438409944996238 517
1670484819882 0.001987614668905735 518
1670484820280 0.001732561970129609 518
1670484820677 0.002045403001829982 519
1670484821076 0.0018819046672433615 519
1670484821474 0.0019795449916273355 520
1670484821870 0.0018090081866830587 520
1670484822267 0.0015163673087954521 521
1670484822662 0.0019214644562453032 521
1670484823062 0.0020025228150188923 522
1670484823459 0.002080573234707117 522
1670484823854 0.0018854383379220963 523
1670484824251 0.0017604203894734383 523
1670484824649 0.001946694916114211 524
1670484825047 0.0015959851443767548 524
1670484825444 0.0017100591212511063 525
1670484825842 0.0014194700634106994 525
1670484826241 0.0019289295887574553 526
1670484826637 0.002160564297810197 526
1670484827035 0.001444628811441362 527
1670484827434 0.0018274560570716858 527
1670484827834 0.0017345042433589697 528
1670484828231 0.0016408388037234545 528
1670484828629 0.0021648721303790808 529
1670484829024 0.0022295909002423286 529
1670484829422 0.002697054296731949 530
1670484829818 0.0020666110794991255 530
1670484830215 0.0016429147217422724 531
1670484830615 0.0019717735704034567 531
1670484831012 0.001376360422000289 532
1670484831408 0.0018299971707165241 532
1670484831807 0.0020746588706970215 533
1670484832202 0.0014436471974477172 533
1670484832598 0.002036002464592457 534
1670484832997 0.0019024733919650316 534
1670484833396 0.0014376640319824219 535
1670484833796 0.002021447755396366 535
1670484834195 0.002269380260258913 536
1670484834593 0.0016617784276604652 536
1670484834990 0.0020875418558716774 537
1670484835386 0.002103232778608799 537
1670484835782 0.0019487411482259631 538
1670484836179 0.0015738214133307338 538
1670484836576 0.0018480875296518207 539
1670484836971 0.0020951097831130028 539
1670484837367 0.0018394356593489647 540
1670484837765 0.001545524224638939 540
1670484838161 0.001927920151501894 541
1670484838564 0.001682184636592865 541
1670484838961 0.0020633309613913298 542
1670484839355 0.0021872895304113626 542
1670484839755 0.0013541486114263535 543
1670484840153 0.0018458169652149081 543
1670484840548 0.0014390598516911268 544
1670484840946 0.0017304429784417152 544
1670484841342 0.0018325317651033401 545
1670484841742 0.0018606357043609023 545
1670484842142 0.001983056543394923 546
1670484842540 0.0016812015092000365 546
1670484842940 0.002074832795187831 547
1670484843337 0.002056655241176486 547
1670484843732 0.0021401583217084408 548
1670484844131 0.0014729842077940702 548
1670484844526 0.0018540991004556417 549
1670484844922 0.0015839573461562395 549
1670484845321 0.001410614000633359 550
1670484845919 0.0016814273549243808 550
1670484846316 0.0016708166804164648 551
1670484846713 0.0017388975247740746 551
1670484847111 0.001767677953466773 552
1670484847508 0.0015379784163087606 552
1670484847904 0.0015654511516913772 553
1670484848300 0.002269965363666415 553
1670484848700 0.0017193516250699759 554
1670484849097 0.0023213005624711514 554
1670484849497 0.0016846591606736183 555
1670484849893 0.0015780311077833176 555
1670484850290 0.0018577966839075089 556
1670484850689 0.0024324373807758093 556
1670484851085 0.0013049507979303598 557
1670484851482 0.002449346473440528 557
1670484851878 0.0017973303329199553 558
1670484852278 0.0017832086887210608 558
1670484852679 0.0014343829825520515 559
1670484853077 0.001346036558970809 559
1670484853474 0.0015188641846179962 560
1670484853872 0.0016178875230252743 560
1670484854268 0.0016852410044521093 561
1670484854662 0.0020055328495800495 561
1670484855059 0.0018678936176002026 562
1670484855456 0.0014492198824882507 562
1670484855856 0.0017178863054141402 563
1670484856256 0.001406678231433034 563
1670484856654 0.0017168935155496001 564
1670484857052 0.0020596017129719257 564
1670484857449 0.0015120876487344503 565
1670484857850 0.0020692318212240934 565
1670484858249 0.0014605376636609435 566
1670484858647 0.0019487760728225112 566
1670484859047 0.0015255287289619446 567
1670484859447 0.0016418388113379478 567
1670484859845 0.0017263710033148527 568
1670484860241 0.0020166863687336445 568
1670484860638 0.0018737440695986152 569
1670484861037 0.0017892445903271437 569
1670484861434 0.0016554836183786392 570
1670484861833 0.0015655893366783857 570
1670484862231 0.0019809803925454617 571
1670484862626 0.0016106152907013893 571
1670484863024 0.002393105998635292 572
1670484863422 0.0017119016265496612 572
1670484863821 0.001919035566970706 573
1670484864219 0.001708679716102779 573
1670484864616 0.0015744090778753161 574
1670484865012 0.001570824533700943 574
1670484865411 0.0024190545082092285 575
1670484865809 0.0016693263314664364 575
1670484866209 0.001424446702003479 576
1670484866604 0.0013985943514853716 576
1670484867000 0.0021173085551708937 577
1670484867396 0.00181044009514153 577
1670484867794 0.001461615553125739 578
1670484868190 0.0020304303616285324 578
1670484868590 0.0012931250967085361 579
1670484868986 0.0016401251778006554 579
1670484869384 0.0023835075553506613 580
1670484869782 0.0018595445435494184 580
1670484870179 0.001695564715191722 581
1670484870581 0.0027110562659800053 581
1670484870980 0.0022976077161729336 582
1670484871375 0.0021915810648351908 582
1670484871772 0.0018274266039952636 583
1670484872169 0.002013147808611393 583
1670484872565 0.0013590952148661017 584
1670484872962 0.0018121603643521667 584
1670484873364 0.001404930604621768 585
1670484873761 0.0013144914992153645 585
1670484874164 0.0020772255957126617 586
1670484874562 0.0012447143672034144 586
1670484874959 0.0014476010110229254 587
1670484875355 0.0014530885964632034 587
1670484875752 0.0021593784913420677 588
1670484876150 0.0014262627810239792 588
1670484876547 0.0015020985156297684 589
1670484876942 0.0018370056059211493 589
1670484877341 0.0016328943893313408 590
1670484877738 0.0017199104186147451 590
1670484878134 0.0015376387163996696 591
1670484878535 0.0016533434391021729 591
1670484878932 0.001972250174731016 592
1670484879330 0.0012967223301529884 592
1670484879727 0.0013275295495986938 593
1670484880124 0.0020353910513222218 593
1670484880521 0.0017057601362466812 594
1670484880921 0.0016040386399254203 594
1670484881317 0.0015228749252855778 595
1670484881715 0.00154973566532135 595
1670484882112 0.0017736023291945457 596
1670484882508 0.001396543113514781 596
1670484882904 0.0019915802404284477 597
1670484883302 0.001680206274613738 597
1670484883699 0.0022121844813227654 598
1670484884099 0.0014767063548788428 598
1670484884496 0.0018544638296589255 599
1670484884892 0.0016335928812623024 599
1670484885327 0.0016808677464723587 600
1670484885927 0.0016090854769572616 600
1670484886326 0.002095577772706747 601
1670484886724 0.0019780760630965233 601
1670484887122 0.002271967940032482 602
1670484887518 0.00173052994068712 602
1670484887917 0.0022581664379686117 603
1670484888315 0.001466964604333043 603
1670484888712 0.0012205509701743722 604
1670484889109 0.0019727502949535847 604
1670484889508 0.002244568197056651 605
1670484889905 0.001254634466022253 605
1670484890307 0.0014403497334569693 606
1670484890702 0.00180343899410218 606
1670484891100 0.0013981031952425838 607
1670484891497 0.001687939977273345 607
1670484891895 0.001378641463816166 608
1670484892293 0.0018597885500639677 608
1670484892692 0.0015409415354952216 609
1670484893091 0.001874598441645503 609
1670484893487 0.001981568057090044 610
1670484893890 0.0014675732236355543 610
1670484894288 0.0023405468091368675 611
1670484894684 0.0015013497322797775 611
1670484895084 0.001708977622911334 612
1670484895481 0.0016457242891192436 612
1670484895881 0.0017292307456955314 613
1670484896282 0.0021720537915825844 613
1670484896679 0.0019787566270679235 614
1670484897077 0.001517444383352995 614
1670484897481 0.0016874609282240272 615
1670484897883 0.0015364063438028097 615
1670484898280 0.0012092468095943332 616
1670484898677 0.002362928120419383 616
1670484899076 0.0019677914679050446 617
1670484899472 0.0015572796110063791 617
1670484899876 0.0022579666692763567 618
1670484900277 0.001562993391416967 618
1670484900674 0.0015415593516081572 619
1670484901074 0.001338820904493332 619
1670484901471 0.0018558867741376162 620
1670484901872 0.0014486962463706732 620
1670484902270 0.001377719221636653 621
1670484902666 0.0013223194982856512 621
1670484903064 0.0020573302172124386 622
1670484903459 0.0013908905675634742 622
1670484903855 0.001810563262552023 623
1670484904251 0.0019595418125391006 623
1670484904648 0.0015780910616740584 624
1670484905045 0.002331431722268462 624
1670484905442 0.0015830131014809012 625
1670484905842 0.0018651931313797832 625
1670484906242 0.0014844689285382628 626
1670484906639 0.0020106935407966375 626
1670484907038 0.0018807955784723163 627
1670484907434 0.00126069993712008 627
1670484907829 0.0016328510828316212 628
1670484908226 0.001902792020700872 628
1670484908626 0.0019500120542943478 629
1670484909024 0.0022004293277859688 629
1670484909423 0.0017683652695268393 630
1670484909820 0.0013926101382821798 630
1670484910219 0.0015207743272185326 631
1670484910614 0.001606159727089107 631
1670484911010 0.001578415627591312 632
1670484911411 0.001813432201743126 632
1670484911810 0.0018066975753754377 633
1670484912206 0.0020483219996094704 633
1670484912603 0.0018893018132075667 634
1670484913000 0.0017010299488902092 634
1670484913401 0.0020239336881786585 635
1670484913802 0.0016655720537528396 635
1670484914196 0.0019181647803634405 636
1670484914596 0.002323190215975046 636
1670484914994 0.002291133627295494 637
1670484915390 0.0020795424934476614 637
1670484915786 0.0016956217586994171 638
1670484916187 0.001491260714828968 638
1670484916582 0.00144925934728235 639
1670484916984 0.0012172089191153646 639
1670484917384 0.001314155524596572 640
1670484917787 0.002223579678684473 640
1670484918184 0.0016450047260150313 641
1670484918581 0.001978473272174597 641
1670484918978 0.0018276171758770943 642
1670484919377 0.0022101840004324913 642
1670484919773 0.0017621887382119894 643
1670484920172 0.0015531446551904082 643
1670484920571 0.0019170045852661133 644
1670484920966 0.0016951567959040403 644
1670484921365 0.0017845956608653069 645
1670484921762 0.001800863421522081 645
1670484922162 0.0016334119718521833 646
1670484922560 0.0018578704912215471 646
1670484922959 0.0019560137297958136 647
1670484923353 0.002349352464079857 647
1670484923752 0.0019580991938710213 648
1670484924147 0.002423333702608943 648
1670484924545 0.0018598760943859816 649
1670484924942 0.002079132478684187 649
1670484925339 0.0015549312811344862 650
1670484925938 0.0017030318267643452 650
1670484926340 0.0015517377760261297 651
1670484926738 0.0017499476671218872 651
1670484927135 0.0019058787729591131 652
1670484927530 0.0014398846542462707 652
1670484927927 0.0015579161699861288 653
1670484928328 0.0021323668770492077 653
1670484928725 0.0018010304775089025 654
1670484929122 0.0016913479194045067 654
1670484929521 0.0017850057920441031 655
1670484929918 0.001459093065932393 655
1670484930314 0.0016793680842965841 656
1670484930711 0.0016266510356217623 656
1670484931111 0.0020837734919041395 657
1670484931506 0.00149245816282928 657
1670484931904 0.002230048645287752 658
1670484932303 0.0018678337801247835 658
1670484932705 0.001725854235701263 659
1670484933102 0.002074956428259611 659
1670484933503 0.002002558670938015 660
1670484933902 0.0017330775735899806 660
1670484934300 0.0018684694077819586 661
1670484934697 0.0019478052854537964 661
1670484935091 0.0015330556780099869 662
1670484935492 0.0019443966448307037 662
1670484935888 0.0015456683468073606 663
1670484936283 0.0016831447137519717 663
1670484936684 0.001788060530088842 664
1670484937081 0.002053602132946253 664
1670484937480 0.0019343697931617498 665
1670484937881 0.002211502753198147 665
1670484938281 0.0020060036331415176 666
1670484938682 0.002281002700328827 666
1670484939080 0.0017725054640322924 667
1670484939475 0.0018114147242158651 667
1670484939877 0.0017534911166876554 668
1670484940275 0.001560968579724431 668
1670484940671 0.0016311965882778168 669
1670484941071 0.0016739647835493088 669
1670484941468 0.0016249691834673285 670
1670484941868 0.0018505668267607689 670
1670484942261 0.0018823540303856134 671
1670484942659 0.0019989993888884783 671
1670484943059 0.002159333787858486 672
1670484943456 0.00197242246940732 672
1670484943854 0.001740525709465146 673
1670484944255 0.0014013433828949928 673
1670484944651 0.0016197547083720565 674
1670484945044 0.001722540007904172 674
1670484945442 0.0014178918208926916 675
1670484945842 0.0026073537301272154 675
1670484946241 0.0015966331120580435 676
1670484946637 0.0017014307668432593 676
1670484947035 0.002362819854170084 677
1670484947431 0.0018987301737070084 677
1670484947828 0.0019626757130026817 678
1670484948225 0.002069725887849927 678
1670484948623 0.001306414371356368 679
1670484949025 0.0015453423839062452 679
1670484949425 0.0018076066626235843 680
1670484949827 0.001634533517062664 680
1670484950225 0.001876862719655037 681
1670484950624 0.001677453052252531 681
1670484951024 0.0014393210876733065 682
1670484951423 0.0018946737982332706 682
1670484951825 0.0020091193728148937 683
1670484952222 0.0019987551495432854 683
1670484952620 0.0016786393243819475 684
1670484953020 0.0020990055054426193 684
1670484953419 0.0017259086016565561 685
1670484953817 0.0017008453141897917 685
1670484954217 0.0016372129321098328 686
1670484954616 0.001894923159852624 686
1670484955014 0.0015791382174938917 687
1670484955415 0.0016024895012378693 687
1670484955813 0.0015455824322998524 688
1670484956213 0.001669673016294837 688
1670484956612 0.0014135818928480148 689
1670484957007 0.0019803736358880997 689
1670484957405 0.0022099860943853855 690
1670484957805 0.0020121801644563675 690
1670484958203 0.0019627229776233435 691
1670484958603 0.0013982298551127315 691
1670484958998 0.000998499570414424 692
1670484959400 0.0017253679689019918 692
1670484959800 0.001805722713470459 693
1670484960195 0.0015122287441045046 693
1670484960594 0.0022587392013520002 694
1670484960991 0.002065749606117606 694
1670484961390 0.0021113739348948 695
1670484961790 0.0017367580439895391 695
1670484962194 0.001781330443918705 696
1670484962591 0.0019777899142354727 696
1670484962990 0.001984155271202326 697
1670484963389 0.001973543781787157 697
1670484963787 0.0019495002925395966 698
1670484964185 0.0015342956176027656 698
1670484964582 0.001616899622604251 699
1670484964984 0.0019238246604800224 699
1670484965415 0.0015256879851222038 700
1670484966018 0.0019775822293013334 700
1670484966418 0.002243360970169306 701
1670484966816 0.00206367252394557 701
1670484967214 0.0021665412932634354 702
1670484967613 0.00131408148445189 702
1670484968013 0.0019579436630010605 703
1670484968410 0.001451577409170568 703
1670484968808 0.0019373081158846617 704
1670484969206 0.0023045942652970552 704
1670484969603 0.0021385978907346725 705
1670484970004 0.0014373594895005226 705
1670484970405 0.0017678076401352882 706
1670484970806 0.0019025304354727268 706
1670484971204 0.0017426790436729789 707
1670484971600 0.0014738173922523856 707
1670484972002 0.001939945388585329 708
1670484972405 0.001322999014519155 708
1670484972801 0.0017385226674377918 709
1670484973201 0.0013886992819607258 709
1670484973599 0.0016718277474865317 710
1670484973999 0.0022239009849727154 710
1670484974400 0.0019403615733608603 711
1670484974796 0.0019033532589673996 711
1670484975197 0.0015756888315081596 712
1670484975593 0.001607516547665 712
1670484975993 0.0022807989735156298 713
1670484976392 0.001868199440650642 713
1670484976791 0.0024115336127579212 714
1670484977191 0.002341303275898099 714
1670484977589 0.001958240754902363 715
1670484977989 0.002142626792192459 715
1670484978388 0.002111568348482251 716
1670484978787 0.0017685180064290762 716
1670484979185 0.0019268384203314781 717
1670484979584 0.001900112722069025 717
1670484979982 0.0021304176189005375 718
1670484980379 0.001987067051231861 718
1670484980777 0.0016958595952019095 719
1670484981175 0.001924385316669941 719
1670484981573 0.001642872579395771 720
1670484981973 0.0017685097409412265 720
1670484982372 0.001653115963563323 721
1670484982769 0.0016692779026925564 721
1670484983166 0.0022088061086833477 722
1670484983565 0.0017954842187464237 722
1670484983962 0.0016016748268157244 723
1670484984362 0.0009667549165897071 723
1670484984761 0.0023291034158319235 724
1670484985157 0.0019104530801996589 724
1670484985555 0.0016091882716864347 725
1670484985953 0.0022254176437854767 725
1670484986353 0.0024044716265052557 726
1670484986749 0.0024821609258651733 726
1670484987143 0.0015209339326247573 727
1670484987541 0.0017412386368960142 727
1670484987943 0.0015414342051371932 728
1670484988341 0.001742853783071041 728
1670484988738 0.0021189595572650433 729
1670484989138 0.001994204707443714 729
1670484989537 0.0020825706887990236 730
1670484989936 0.0022818290162831545 730
1670484990333 0.0015621170168742537 731
1670484990731 0.001944901654496789 731
1670484991129 0.0018095321720466018 732
1670484991526 0.0019515200983732939 732
1670484991926 0.0017049092566594481 733
1670484992326 0.0018441518768668175 733
1670484992724 0.0012579046888276935 734
1670484993124 0.001659179455600679 734
1670484993524 0.0015849631745368242 735
1670484993922 0.0017274925485253334 735
1670484994323 0.0018293883185833693 736
1670484994721 0.00212487718090415 736
1670484995117 0.0019066570093855262 737
1670484995517 0.00256705773063004 737
1670484995913 0.0018936682026833296 738
1670484996310 0.0020357458852231503 738
1670484996706 0.0022109374403953552 739
1670484997102 0.0016413051635026932 739
1670484997500 0.001874251989647746 740
1670484997904 0.001786390203051269 740
1670484998303 0.002120203571394086 741
1670484998701 0.0017699490999802947 741
1670484999100 0.0016494190786033869 742
1670484999499 0.0017830084543675184 742
1670484999897 0.0019857720471918583 743
1670485000295 0.0018765501445159316 743
1670485000693 0.001909382059238851 744
1670485001091 0.0017575218807905912 744
1670485001488 0.0012819787953048944 745
1670485001888 0.0014490638859570026 745
1670485002285 0.0012982822954654694 746
1670485002683 0.0014909631572663784 746
1670485003082 0.001977698877453804 747
1670485003484 0.0020604487508535385 747
1670485003882 0.0017942370614036918 748
1670485004281 0.0015345512656494975 748
1670485004682 0.0016669256146997213 749
1670485005078 0.0015555564314126968 749
1670485005476 0.0017587475012987852 750
1670485067655 0.001919952454045415 750
1670485068052 0.002491688821464777 751
1670485068451 0.0017560431733727455 751
1670485068853 0.0021341440733522177 752
1670485069253 0.0014405500842258334 752
1670485069651 0.0024200864136219025 753
1670485070049 0.0017485151765868068 753
1670485070449 0.0015642561484128237 754
1670485070846 0.0018006416503340006 754
1670485071244 0.0018309832084923983 755
1670485071645 0.0021125557832419872 755
1670485072043 0.0015114345587790012 756
1670485072442 0.0020102031994611025 756
1670485072838 0.0017510983161628246 757
1670485073238 0.0012886817567050457 757
1670485073637 0.0020316634327173233 758
1670485074034 0.0017024291446432471 758
1670485074434 0.0017762136412784457 759
1670485074833 0.002081231912598014 759
1670485075232 0.0012201019562780857 760
1670485075634 0.00180540862493217 760
1670485076034 0.0014451587339863181 761
1670485076433 0.0015668099513277411 761
1670485076832 0.0016480071935802698 762
1670485077229 0.0017536532832309604 762
1670485077627 0.0017842564266175032 763
1670485078026 0.001710948534309864 763
1670485078427 0.002072911709547043 764
1670485078825 0.00161627063062042 764
1670485079227 0.0017040459206327796 765
1670485079626 0.0017308423994109035 765
1670485080027 0.0016932953149080276 766
1670485080423 0.0013080895878374577 766
1670485080821 0.0024222228676080704 767
1670485081222 0.001452219090424478 767
1670485081619 0.0012820075498893857 768
