1670270971155 0.19640159606933594 0
1670270985521 0.19388055801391602 0
1670270985733 0.1888725459575653 0
1670270985946 0.18190822005271912 0
1670270986156 0.1777724027633667 0
1670270986367 0.17254768311977386 0
1670270986576 0.16625568270683289 0
1670270986788 0.16186213493347168 0
1670270986997 0.14921298623085022 0
1670270987207 0.1394776850938797 0
1670270987418 0.1251784861087799 0
1670270987628 0.10528381913900375 0
1670270987837 0.09161923825740814 0
1670270988046 0.08556762337684631 0
1670270988255 0.09237291663885117 0
1670270988463 0.08941040933132172 0
1670270988671 0.09650252759456635 0
1670270988879 0.0955612063407898 0
1670270989087 0.09351908415555954 0
1670270989295 0.09094911813735962 0
1670270989504 0.09085150808095932 0
1670270989713 0.0906485766172409 0
1670270989921 0.089071124792099 0
1670270990135 0.08103080093860626 0
1670270990345 0.0816228985786438 0
1670270990555 0.08263863623142242 0
1670270990764 0.07870478928089142 0
1670270990974 0.08177982270717621 0
1670270991184 0.08291248977184296 0
1670270991394 0.08257396519184113 0
1670270991604 0.08514388650655746 0
1670270991815 0.0792163833975792 0
1670270992025 0.07889115810394287 0
1670270992236 0.07772522419691086 0
1670270992446 0.07908352464437485 0
1670270992655 0.07943033427000046 0
1670270992864 0.07714737206697464 0
1670270993074 0.07857479900121689 0
1670270993283 0.0773358941078186 0
1670270993493 0.07979831099510193 0
1670270993703 0.07620707154273987 0
1670270993913 0.07698434591293335 0
1670270994124 0.07644530385732651 0
1670270994335 0.07801954448223114 0
1670270994545 0.07762967050075531 0
1670270994755 0.07408368587493896 0
1670270994965 0.07637456059455872 0
1670270995174 0.07510587573051453 0
1670270995385 0.07452371716499329 0
1670270995594 0.07430839538574219 0
1670270995805 0.07227227091789246 0
1670270996015 0.07428878545761108 0
1670270996226 0.07572826743125916 0
1670270996437 0.07118408381938934 0
1670270996647 0.07128167897462845 0
1670270996858 0.07284258306026459 0
1670270997068 0.07184530794620514 0
1670270997279 0.07438299804925919 0
1670270997490 0.07405247539281845 0
1670270997702 0.0723455548286438 0
1670270997913 0.0729806199669838 0
1670270998123 0.07404568791389465 0
1670270998334 0.0666368156671524 0
1670270998546 0.06924887746572495 0
1670270998758 0.0692124292254448 0
1670270998969 0.06860145926475525 0
1670270999180 0.06926415860652924 0
1670270999390 0.06738896667957306 0
1670270999602 0.06761367619037628 0
1670270999812 0.06953807920217514 0
1670271000023 0.06994748115539551 0
1670271000234 0.07174092531204224 0
1670271000445 0.06916838884353638 0
1670271000657 0.07057064026594162 0
1670271000869 0.06689134240150452 0
1670271001079 0.06889953464269638 0
1670271001289 0.06610995531082153 0
1670271001500 0.06889557838439941 0
1670271001711 0.06399229913949966 0
1670271001922 0.06648847460746765 0
1670271002133 0.06321118772029877 0
1670271002344 0.05992325395345688 0
1670271002555 0.06394262611865997 0
1670271002765 0.0621953010559082 0
1670271002976 0.06541871279478073 0
1670271003186 0.0656248927116394 0
1670271003397 0.06489512324333191 0
1670271003607 0.06289640814065933 0
1670271003817 0.06178953871130943 0
1670271004028 0.05858427286148071 0
1670271004241 0.06176912784576416 0
1670271004454 0.06328466534614563 0
1670271004666 0.06151801347732544 0
1670271004877 0.05880824849009514 0
1670271005087 0.05967823788523674 0
1670271005297 0.05848592519760132 0
1670271005507 0.06002160161733627 0
1670271005718 0.05788649246096611 0
1670271005928 0.05679274722933769 0
1670271006138 0.05923944339156151 0
1670271006349 0.05671590194106102 0
1670271006738 0.05575365945696831 0
1670271006948 0.05744278430938721 0
1670271007159 0.05205147713422775 0
1670271007370 0.055412888526916504 0
1670271007581 0.05382604897022247 0
1670271007792 0.055171653628349304 0
1670271008002 0.054251860827207565 0
1670271008213 0.05184249207377434 0
1670271008422 0.053915105760097504 0
1670271008633 0.053618691861629486 0
1670271008843 0.05088247358798981 0
1670271009053 0.05397695302963257 0
1670271009263 0.054054759442806244 0
1670271009473 0.049129586666822433 0
1670271009684 0.05017789453268051 0
1670271009894 0.049792539328336716 0
1670271010104 0.052051227539777756 0
1670271010314 0.049815163016319275 0
1670271010523 0.050031743943691254 0
1670271010734 0.04886621981859207 0
1670271010945 0.05115034431219101 0
1670271011155 0.047609709203243256 0
1670271011365 0.04856284707784653 0
1670271011574 0.04656759649515152 0
1670271011785 0.04768238961696625 0
1670271011996 0.0471823513507843 0
1670271012207 0.04306899756193161 0
1670271012417 0.04220951721072197 0
1670271012626 0.0407683365046978 0
1670271012836 0.03924845904111862 0
1670271013046 0.04054513946175575 0
1670271013256 0.03720008581876755 0
1670271013466 0.038621753454208374 0
1670271013676 0.03518136963248253 0
1670271013885 0.03510598838329315 0
1670271014095 0.03259040787816048 0
1670271014304 0.03909973427653313 0
1670271014513 0.03362753242254257 0
1670271014723 0.03507077693939209 0
1670271014934 0.03083573281764984 0
1670271015145 0.03675703704357147 0
1670271015354 0.030946655198931694 0
1670271015564 0.03428766131401062 0
1670271015774 0.030982613563537598 0
1670271015984 0.02835521474480629 0
1670271016194 0.03064621053636074 0
1670271016404 0.02968096360564232 0
1670271016614 0.02625885233283043 0
1670271016824 0.02762293815612793 0
1670271017034 0.026779718697071075 0
1670271017244 0.026672517880797386 0
1670271017455 0.025252044200897217 0
1670271017665 0.024631362408399582 0
1670271017876 0.02462196908891201 0
1670271018086 0.023338576778769493 0
1670271018296 0.023476045578718185 0
1670271018506 0.02485503815114498 0
1670271018716 0.024244200438261032 0
1670271018926 0.02465352974832058 0
1670271019136 0.023126831278204918 0
1670271019346 0.022890029475092888 0
1670271019556 0.022634781897068024 0
1670271019766 0.02334786020219326 0
1670271019978 0.022529855370521545 0
1670271020190 0.022527366876602173 0
1670271020401 0.02200203202664852 0
1670271020612 0.021656466647982597 0
1670271020823 0.02164231240749359 0
1670271021033 0.02025466412305832 0
1670271021244 0.020161205902695656 0
1670271021455 0.020626060664653778 0
1670271021666 0.02085181139409542 0
1670271021877 0.01974564790725708 0
1670271022089 0.021412089467048645 0
1670271022299 0.02017205022275448 0
1670271022509 0.01914241537451744 0
1670271022720 0.018785526975989342 0
1670271022932 0.01868673786520958 0
1670271023142 0.019271597266197205 0
1670271023353 0.01832716166973114 0
1670271023564 0.020447248592972755 0
1670271023775 0.020400412380695343 0
1670271023986 0.017962615936994553 0
1670271024197 0.01873568445444107 0
1670271024407 0.02007954940199852 0
1670271024618 0.017630893737077713 0
1670271024829 0.01936434768140316 0
1670271025039 0.01811044290661812 0
1670271025251 0.018685655668377876 0
1670271025462 0.018547510728240013 0
1670271025675 0.018748654052615166 0
1670271025886 0.017407473176717758 0
1670271026097 0.017230194061994553 0
1670271026308 0.016900992020964622 0
1670271026519 0.016834285110235214 0
1670271026730 0.016411064192652702 0
1670271026942 0.018192671239376068 0
1670271027152 0.017112117260694504 0
1670271027363 0.015680914744734764 0
1670271027575 0.016815101727843285 0
1670271027946 0.01624257303774357 0
1670271028157 0.017626028507947922 0
1670271028368 0.01779825985431671 0
1670271028579 0.017603598535060883 0
1670271028791 0.017417456954717636 0
1670271029003 0.01747385412454605 0
1670271029214 0.016589555889368057 0
1670271029427 0.017559565603733063 0
1670271029639 0.016535403206944466 0
1670271029850 0.01728123053908348 0
1670271030062 0.015850041061639786 0
1670271030275 0.017427891492843628 0
1670271030488 0.015565449371933937 0
1670271030702 0.016363993287086487 0
1670271030915 0.01582636684179306 0
1670271031126 0.01743723452091217 0
1670271031339 0.016317319124937057 0
1670271031553 0.014911158941686153 0
1670271031764 0.017559267580509186 0
1670271031975 0.01599939540028572 0
1670271032187 0.016429517418146133 0
1670271032398 0.016200393438339233 0
1670271032609 0.015352102927863598 0
1670271032821 0.01640153117477894 0
1670271033033 0.015327836386859417 0
1670271033245 0.01571039669215679 0
1670271033457 0.014460986480116844 0
1670271033669 0.015304980799555779 0
1670271033881 0.015575412660837173 0
1670271034093 0.01487717218697071 0
1670271034305 0.015281218104064465 0
1670271034518 0.015644803643226624 0
1670271034730 0.014842202886939049 0
1670271034942 0.014890378341078758 0
1670271035156 0.015902750194072723 0
1670271035368 0.01525549404323101 0
1670271035580 0.01381906121969223 0
1670271035793 0.014529186300933361 0
1670271036004 0.014901629649102688 0
1670271036216 0.016856985166668892 0
1670271036430 0.015331577509641647 0
1670271036645 0.014446355402469635 0
1670271036857 0.014188620261847973 0
1670271037071 0.01387822162359953 0
1670271037283 0.014433282427489758 0
1670271037496 0.01612931117415428 0
1670271037709 0.016339054331183434 0
1670271037924 0.015587901696562767 0
1670271038137 0.014137474820017815 0
1670271038352 0.017670536413788795 0
1670271038564 0.015448558144271374 0
1670271038780 0.015343353152275085 0
1670271038995 0.015004299581050873 0
1670271039209 0.015776146203279495 0
1670271039426 0.014978883787989616 0
1670271039640 0.015818778425455093 0
1670271039856 0.016216866672039032 0
1670271040069 0.014386160299181938 0
1670271040280 0.01451244205236435 0
1670271040493 0.015855588018894196 0
1670271040709 0.014821629039943218 0
1670271040925 0.015265598893165588 0
1670271041141 0.015862077474594116 0
1670271041358 0.013659140095114708 0
1670271041575 0.01482110284268856 0
1670271041793 0.013491392135620117 0
1670271042009 0.014160308055579662 0
1670271042226 0.014159547165036201 0
1670271042443 0.014553559944033623 0
1670271042659 0.013618293218314648 0
1670271042877 0.014711981639266014 0
1670271043093 0.013367397710680962 0
1670271043314 0.01414481457322836 0
1670271043533 0.013174398802220821 0
1670271043748 0.013883782550692558 0
1670271043962 0.015573611482977867 0
1670271044178 0.014575304463505745 0
1670271044391 0.013023409992456436 0
1670271044607 0.014106249436736107 0
1670271044825 0.012860959395766258 0
1670271045044 0.013999974355101585 0
1670271045261 0.013842977583408356 0
1670271045478 0.01331696193665266 0
1670271045694 0.012763897888362408 0
1670271045910 0.01349253486841917 0
1670271046126 0.013536068610846996 0
1670271046343 0.015040955506265163 0
1670271046560 0.014426488429307938 0
1670271046776 0.01434866338968277 0
1670271046990 0.012773881666362286 0
1670271047206 0.012747484259307384 0
1670271047423 0.013390804640948772 0
1670271047639 0.0140709038823843 0
1670271047853 0.014107304625213146 0
1670271048066 0.013072049245238304 0
1670271048282 0.013313539326190948 0
1670271048500 0.014149116352200508 0
1670271048717 0.01330534741282463 0
1670271048935 0.013376278802752495 0
1670271049151 0.014724287204444408 0
1670271049526 0.01294965110719204 0
1670271049740 0.012607669457793236 0
1670271049958 0.012922344729304314 0
1670271050174 0.01350104808807373 0
1670271050390 0.012643903493881226 0
1670271050607 0.01354800071567297 0
1670271050824 0.013079164549708366 0
1670271051041 0.012970935553312302 0
1670271051258 0.013272138312458992 0
1670271051473 0.013113400898873806 0
1670271051688 0.012922378256917 0
1670271051906 0.012773792259395123 0
1670271052122 0.013576227240264416 0
1670271052340 0.013042735867202282 0
1670271052557 0.013702335767447948 0
1670271052773 0.0127610107883811 0
1670271052991 0.012967346236109734 0
1670271053209 0.013193994760513306 0
1670271053425 0.013574625365436077 0
1670271053641 0.012210948392748833 0
1670271053858 0.013126282021403313 0
1670271054075 0.012655530124902725 0
1670271054293 0.01299392618238926 0
1670271054511 0.013038916513323784 0
1670271054728 0.01208704337477684 0
1670271054945 0.013165156356990337 0
1670271055162 0.012720011174678802 0
1670271055378 0.012349212542176247 0
1670271055593 0.013169116340577602 0
1670271055812 0.012922672554850578 0
1670271056029 0.01290838047862053 0
1670271056243 0.01331360824406147 0
1670271056457 0.012652598321437836 0
1670271056669 0.012565962970256805 0
1670271056887 0.01228407584130764 0
1670271057109 0.01322750560939312 0
1670271057330 0.012664519250392914 0
1670271057548 0.01304277591407299 0
1670271057767 0.014390896074473858 0
1670271057984 0.012036788277328014 0
1670271058202 0.013494055718183517 0
1670271058419 0.012332628481090069 0
1670271058638 0.012343849055469036 0
1670271058856 0.01348764356225729 0
1670271059072 0.012280188500881195 0
1670271059289 0.013336586765944958 0
1670271059509 0.012187088839709759 0
1670271059726 0.01254244428128004 0
1670271059942 0.01270791795104742 0
1670271060157 0.013210955075919628 0
1670271060375 0.012827801518142223 0
1670271060593 0.012857137247920036 0
1670271060812 0.011744512245059013 0
1670271061032 0.011975455097854137 0
1670271061250 0.013383157551288605 0
1670271061469 0.013321705162525177 0
1670271061686 0.01302967220544815 0
1670271061905 0.012748735025525093 0
1670271062122 0.010889662429690361 0
1670271062338 0.011695634573698044 0
1670271062558 0.012996341101825237 0
1670271062774 0.011764369904994965 0
1670271062993 0.011958862654864788 0
1670271063210 0.013140780851244926 0
1670271063427 0.013051286339759827 0
1670271063646 0.013073544017970562 0
1670271063864 0.01251152902841568 0
1670271064082 0.01321450900286436 0
1670271064300 0.012921744957566261 0
1670271064518 0.012387271039187908 0
1670271064735 0.013163339346647263 0
1670271064952 0.012138022109866142 0
1670271065171 0.012629806995391846 0
1670271065387 0.012257358059287071 0
1670271065604 0.012262440286576748 0
1670271065822 0.013326193206012249 0
1670271066039 0.01211569458246231 0
1670271066257 0.012602347880601883 0
1670271066474 0.01138041727244854 0
1670271066690 0.012231710366904736 0
1670271066905 0.01117805764079094 0
1670271067123 0.013252472504973412 0
1670271067341 0.012211102060973644 0
1670271067558 0.012127574533224106 0
1670271067776 0.01205114834010601 0
1670271067995 0.01172491442412138 0
1670271068213 0.011957946233451366 0
1670271068430 0.012438340112566948 0
1670271068649 0.01088033802807331 0
1670271068868 0.011612743139266968 0
1670271069085 0.012276807799935341 0
1670271069303 0.0112741868942976 0
1670271069521 0.011442147195339203 0
1670271069738 0.012825673446059227 0
1670271069958 0.012168841436505318 0
1670271070176 0.011371254920959473 0
1670271070393 0.011533545330166817 0
1670271070609 0.011305688880383968 0
1670271070830 0.012542787939310074 0
1670271071050 0.010528095066547394 0
1670271071427 0.010789833962917328 0
1670271071641 0.012467047199606895 0
1670271071858 0.012220727279782295 0
1670271072076 0.012719247490167618 0
1670271072294 0.011687790974974632 0
1670271072512 0.01104806736111641 0
1670271072730 0.01162481214851141 0
1670271072947 0.011447872966527939 0
1670271073165 0.011419452726840973 0
1670271073381 0.011502740904688835 0
1670271073602 0.012212568894028664 0
1670271073821 0.012076614424586296 0
1670271074034 0.012089899741113186 0
1670271074252 0.012682609260082245 0
1670271074472 0.012356436811387539 0
1670271074690 0.012858870439231396 0
1670271074910 0.011725591495633125 0
1670271075127 0.012044630944728851 0
1670271075345 0.011374915950000286 0
1670271075565 0.011729802004992962 0
1670271075783 0.01166118960827589 0
1670271076001 0.012199563905596733 0
1670271076218 0.01246015913784504 0
1670271076439 0.012666869908571243 0
1670271076662 0.011699679307639599 0
1670271076879 0.011335363611578941 0
1670271077095 0.011163702234625816 0
1670271077314 0.011432494036853313 0
1670271077535 0.011563262902200222 0
1670271077752 0.01153663918375969 0
1670271077971 0.012195094488561153 0
1670271078187 0.01053202897310257 0
1670271078405 0.011821932159364223 0
1670271078622 0.011132373474538326 0
1670271078839 0.01266275905072689 0
1670271079058 0.01108654122799635 0
1670271079277 0.011810507625341415 0
1670271079495 0.0113739725202322 0
1670271079713 0.0125950388610363 0
1670271079931 0.011320829391479492 0
1670271080148 0.011442910879850388 0
1670271080365 0.012288471683859825 0
1670271080582 0.011947738006711006 0
1670271080802 0.01157326065003872 0
1670271081019 0.01188422180712223 0
1670271081237 0.011486075818538666 0
1670271081454 0.010707177221775055 0
1670271081673 0.011005615815520287 0
1670271081890 0.010199080221354961 0
1670271082106 0.011086109094321728 0
1670271082324 0.011800753884017467 0
1670271082542 0.012163042090833187 0
1670271082759 0.010122952982783318 0
1670271082980 0.01173098012804985 0
1670271083197 0.01317684631794691 0
1670271083415 0.01267128624022007 0
1670271083634 0.011669859290122986 0
1670271083850 0.010103903710842133 0
1670271084069 0.011350017040967941 0
1670271084286 0.01160486787557602 0
1670271084506 0.011361857876181602 0
1670271084720 0.010641518980264664 0
1670271084937 0.010744770988821983 0
1670271085160 0.012428986839950085 0
1670271085377 0.011720554903149605 0
1670271085597 0.011542554013431072 0
1670271085814 0.011611277237534523 0
1670271086032 0.010441973805427551 0
1670271086249 0.012209676206111908 0
1670271086467 0.012636865489184856 0
1670271086684 0.011266201734542847 0
1670271086901 0.011573266237974167 0
1670271087117 0.011992289684712887 0
1670271087335 0.012207640334963799 0
1670271087555 0.011505003087222576 0
1670271087772 0.011081340722739697 0
1670271087988 0.01167718879878521 0
1670271088201 0.010729510337114334 0
1670271088416 0.012194006703794003 0
1670271088631 0.01010669395327568 0
1670271088853 0.011686798185110092 0
1670271089072 0.010630290023982525 0
1670271089291 0.009386646561324596 0
1670271089510 0.010919846594333649 0
1670271089728 0.011402850970625877 0
1670271089946 0.011819569393992424 0
1670271090165 0.011035426519811153 0
1670271090384 0.01161278784275055 0
1670271090602 0.010408079251646996 0
1670271090821 0.010874263942241669 0
1670271091041 0.010966206900775433 0
1670271091258 0.010729802772402763 0
1670271091472 0.011213842779397964 0
1670271091686 0.011726750060915947 0
1670271091900 0.010392742231488228 0
1670271092118 0.010784066282212734 0
1670271092340 0.010697847232222557 0
1670271092559 0.010494120419025421 0
1670271092778 0.01059059426188469 0
1670271092999 0.01132518332451582 0
