1670270971155 7.068550109863281 0
1670270985521 7.124656677246094 0
1670270985733 7.238311290740967 0
1670270985946 7.401476860046387 0
1670270986156 7.501356601715088 0
1670270986367 7.630908489227295 0
1670270986576 7.792234897613525 0
1670270986788 7.908547401428223 0
1670270986997 8.261933326721191 0
1670270987207 8.554952621459961 0
1670270987418 9.024702072143555 0
1670270987628 9.776383399963379 0
1670270987837 10.380133628845215 0
1670270988046 10.676905632019043 0
1670270988255 10.34455394744873 0
1670270988463 10.486119270324707 0
1670270988671 10.15461254119873 0
1670270988879 10.197183609008789 0
1670270989087 10.290997505187988 0
1670270989295 10.412014961242676 0
1670270989504 10.416678428649902 0
1670270989713 10.42638874053955 0
1670270989921 10.502630233764648 0
1670270990135 10.913498878479004 0
1670270990345 10.881879806518555 0
1670270990555 10.828168869018555 0
1670270990764 11.03998851776123 0
1670270990974 10.873538970947266 0
1670270991184 10.813799858093262 0
1670270991394 10.831567764282227 0
1670270991604 10.698466300964355 0
1670270991815 11.011849403381348 0
1670270992025 11.029716491699219 0
1670270992236 11.094379425048828 0
1670270992446 11.019139289855957 0
1670270992655 11.000136375427246 0
1670270992864 11.126788139343262 0
1670270993074 11.04716682434082 0
1670270993283 11.116188049316406 0
1670270993493 10.980062484741211 0
1670270993703 11.180047035217285 0
1670270993913 11.13597583770752 0
1670270994124 11.166492462158203 0
1670270994335 11.077966690063477 0
1670270994545 11.099722862243652 0
1670270994755 11.302774429321289 0
1670270994965 11.170512199401855 0
1670270995174 11.243260383605957 0
1670270995385 11.277054786682129 0
1670270995594 11.289621353149414 0
1670270995805 11.410283088684082 0
1670270996015 11.290767669677734 0
1670270996226 11.207419395446777 0
1670270996437 11.476171493530273 0
1670270996647 11.470220565795898 0
1670270996858 11.37614631652832 0
1670270997068 11.436015129089355 0
1670270997279 11.285263061523438 0
1670270997490 11.304604530334473 0
1670270997702 11.40588092803955 0
1670270997913 11.367924690246582 0
1670270998123 11.305002212524414 0
1670270998334 11.762857437133789 0
1670270998546 11.595871925354004 0
1670270998758 11.598159790039062 0
1670270998969 11.636666297912598 0
1670270999180 11.594914436340332 0
1670270999390 11.714112281799316 0
1670270999602 11.699653625488281 0
1670270999812 11.57777214050293 0
1670271000023 11.552278518676758 0
1670271000234 11.442330360412598 0
1670271000445 11.600922584533691 0
1670271000657 11.51375961303711 0
1670271000869 11.746299743652344 0
1670271001079 11.617836952209473 0
1670271001289 11.797331809997559 0
1670271001500 11.618085861206055 0
1670271001711 11.938722610473633 0
1670271001922 11.772536277770996 0
1670271002133 11.992060661315918 0
1670271002344 12.224045753479004 0
1670271002555 11.942094802856445 0
1670271002765 12.062423706054688 0
1670271002976 11.842979431152344 0
1670271003186 11.829314231872559 0
1670271003397 11.87787914276123 0
1670271003607 12.013741493225098 0
1670271003817 12.090849876403809 0
1670271004028 12.322189331054688 0
1670271004241 12.09228515625 0
1670271004454 11.987015724182129 0
1670271004666 12.109976768493652 0
1670271004877 12.305617332458496 0
1670271005087 12.241839408874512 0
1670271005297 12.329486846923828 0
1670271005507 12.216924667358398 0
1670271005718 12.374228477478027 0
1670271005928 12.457071304321289 0
1670271006138 12.273890495300293 0
1670271006349 12.46295166015625 0
1670271006738 12.53726577758789 0
1670271006948 12.407645225524902 0
1670271007159 12.83566951751709 0
1670271007370 12.563892364501953 0
1670271007581 12.690074920654297 0
1670271007792 12.582839965820312 0
1670271008002 12.655853271484375 0
1670271008213 12.853140830993652 0
1670271008422 12.682894706726074 0
1670271008633 12.70683765411377 0
1670271008843 12.934317588806152 0
1670271009053 12.677915573120117 0
1670271009263 12.671661376953125 0
1670271009473 13.086568832397461 0
1670271009684 12.99487590789795 0
1670271009894 13.02835750579834 0
1670271010104 12.835689544677734 0
1670271010314 13.026384353637695 0
1670271010523 13.007543563842773 0
1670271010734 13.109912872314453 0
1670271010945 12.911514282226562 0
1670271011155 13.223044395446777 0
1670271011365 13.136959075927734 0
1670271011574 13.319162368774414 0
1670271011785 13.216419219970703 0
1670271011996 13.26220417022705 0
1670271012207 13.65835189819336 0
1670271012417 13.745896339416504 0
1670271012626 13.896770477294922 0
1670271012836 14.061773300170898 0
1670271013046 13.920612335205078 0
1670271013256 14.294561386108398 0
1670271013466 14.131680488586426 0
1670271013676 14.536871910095215 0
1670271013885 14.546187400817871 0
1670271014095 14.869102478027344 0
1670271014304 14.078262329101562 0
1670271014513 14.733048439025879 0
1670271014723 14.550546646118164 0
1670271014934 15.109456062316895 0
1670271015145 14.34659481048584 0
1670271015354 15.09386157989502 0
1670271015564 14.648621559143066 0
1670271015774 15.088818550109863 0
1670271015984 15.473670959472656 0
1670271016194 15.136232376098633 0
1670271016404 15.275218963623047 0
1670271016614 15.807242393493652 0
1670271016824 15.587300300598145 0
1670271017034 15.721939086914062 0
1670271017244 15.739360809326172 0
1670271017455 15.977034568786621 0
1670271017665 16.085115432739258 0
1670271017876 16.08677101135254 0
1670271018086 16.319255828857422 0
1670271018296 16.293750762939453 0
1670271018506 16.045856475830078 0
1670271018716 16.153921127319336 0
1670271018926 16.081207275390625 0
1670271019136 16.35883903503418 0
1670271019346 16.403535842895508 0
1670271019556 16.45223617553711 0
1670271019766 16.317527770996094 0
1670271019978 16.472415924072266 0
1670271020190 16.472896575927734 0
1670271020401 16.57537078857422 0
1670271020612 16.64412498474121 0
1670271020823 16.646963119506836 0
1670271021033 16.934749603271484 0
1670271021244 16.954835891723633 0
1670271021455 16.8558349609375 0
1670271021666 16.808563232421875 0
1670271021877 17.045286178588867 0
1670271022089 16.693408966064453 0
1670271022299 16.952499389648438 0
1670271022509 17.18003273010254 0
1670271022720 17.26176643371582 0
1670271022932 17.284664154052734 0
1670271023142 17.15082359313965 0
1670271023353 17.369047164916992 0
1670271023564 16.893651962280273 0
1670271023775 16.903610229492188 0
1670271023986 17.4563045501709 0
1670271024197 17.273303985595703 0
1670271024407 16.972461700439453 0
1670271024618 17.537256240844727 0
1670271024829 17.12997055053711 0
1670271025039 17.42070960998535 0
1670271025251 17.284915924072266 0
1670271025462 17.317142486572266 0
1670271025675 17.270299911499023 0
1670271025886 17.592641830444336 0
1670271026097 17.63709831237793 0
1670271026308 17.720876693725586 0
1670271026519 17.738052368164062 0
1670271026730 17.848630905151367 0
1670271026942 17.40103530883789 0
1670271027152 17.666961669921875 0
1670271027363 18.046287536621094 0
1670271027575 17.743003845214844 0
1670271027946 17.893451690673828 0
1670271028157 17.538455963134766 0
1670271028368 17.49622344970703 0
1670271028579 17.54398536682129 0
1670271028791 17.590152740478516 0
1670271029003 17.576112747192383 0
1670271029214 17.801651000976562 0
1670271029427 17.554861068725586 0
1670271029639 17.81585121154785 0
1670271029850 17.624252319335938 0
1670271030062 17.99969482421875 0
1670271030275 17.58755111694336 0
1670271030488 18.07838249206543 0
1670271030702 17.86110496520996 0
1670271030915 18.006187438964844 0
1670271031126 17.58522605895996 0
1670271031339 17.873510360717773 0
1670271031553 18.2648868560791 0
1670271031764 17.554935455322266 0
1670271031975 17.95896339416504 0
1670271032187 17.843753814697266 0
1670271032398 17.904743194580078 0
1670271032609 18.138320922851562 0
1670271032821 17.85115623474121 0
1670271033033 18.145191192626953 0
1670271033245 18.038127899169922 0
1670271033457 18.398021697998047 0
1670271033669 18.15167236328125 0
1670271033881 18.075603485107422 0
1670271034093 18.274795532226562 0
1670271034305 18.15842056274414 0
1670271034518 18.056299209594727 0
1670271034730 18.285017013549805 0
1670271034942 18.27094078063965 0
1670271035156 17.985275268554688 0
1670271035368 18.16573715209961 0
1670271035580 18.595212936401367 0
1670271035793 18.377588272094727 0
1670271036004 18.26766014099121 0
1670271036216 17.732200622558594 0
1670271036430 18.144132614135742 0
1670271036645 18.402416229248047 0
1670271036857 18.4805965423584 0
1670271037071 18.576662063598633 0
1670271037283 18.406347274780273 0
1670271037496 17.92384147644043 0
1670271037709 17.86773109436035 0
1670271037924 18.07212257385254 0
1670271038137 18.49628257751465 0
1670271038352 17.527502059936523 0
1670271038564 18.11111831665039 0
1670271038780 18.140796661376953 0
1670271038995 18.237842559814453 0
1670271039209 18.019990921020508 0
1670271039426 18.24520492553711 0
1670271039640 18.008268356323242 0
1670271039856 17.900331497192383 0
1670271040069 18.420551300048828 0
1670271040280 18.38259506225586 0
1670271040493 17.99817657470703 0
1670271040709 18.291040420532227 0
1670271040925 18.162860870361328 0
1670271041141 17.99639892578125 0
1670271041358 18.645767211914062 0
1670271041575 18.291194915771484 0
1670271041793 18.699434280395508 0
1670271042009 18.489273071289062 0
1670271042226 18.489505767822266 0
1670271042443 18.37030601501465 0
1670271042659 18.65877342224121 0
1670271042877 18.323287963867188 0
1670271043093 18.739532470703125 0
1670271043314 18.494028091430664 0
1670271043533 18.802690505981445 0
1670271043748 18.574922561645508 0
1670271043962 18.076107025146484 0
1670271044178 18.36382293701172 0
1670271044391 18.852752685546875 0
1670271044607 18.505884170532227 0
1670271044825 18.90726661682129 0
1670271045044 18.538726806640625 0
1670271045261 18.587705612182617 0
1670271045478 18.75594711303711 0
1670271045694 18.94016456604004 0
1670271045910 18.699064254760742 0
1670271046126 18.685073852539062 0
1670271046343 18.22724723815918 0
1670271046560 18.40839385986328 0
1670271046776 18.431886672973633 0
1670271046990 18.936769485473633 0
1670271047206 18.945755004882812 0
1670271047423 18.73193359375 0
1670271047639 18.51677894592285 0
1670271047853 18.50555992126465 0
1670271048066 18.83656120300293 0
1670271048282 18.757062911987305 0
1670271048500 18.492704391479492 0
1670271048717 18.759737014770508 0
1670271048935 18.73664665222168 0
1670271049151 18.319658279418945 0
1670271049526 18.87742042541504 0
1670271049740 18.993650436401367 0
1670271049958 18.886585235595703 0
1670271050174 18.696325302124023 0
1670271050390 18.98118782043457 0
1670271050607 18.681249618530273 0
1670271050824 18.834199905395508 0
1670271051041 18.870285034179688 0
1670271051258 18.77058982849121 0
1670271051473 18.822847366333008 0
1670271051688 18.88657569885254 0
1670271051906 18.936800003051758 0
1670271052122 18.672208786010742 0
1670271052340 18.846311569213867 0
1670271052557 18.632051467895508 0
1670271052773 18.94114875793457 0
1670271052991 18.871488571166992 0
1670271053209 18.796236038208008 0
1670271053425 18.672719955444336 0
1670271053641 19.132505416870117 0
1670271053858 18.81858253479004 0
1670271054075 18.977195739746094 0
1670271054293 18.862594604492188 0
1670271054511 18.847585678100586 0
1670271054728 19.176799774169922 0
1670271054945 18.80573844909668 0
1670271055162 18.955123901367188 0
1670271055378 19.083608627319336 0
1670271055593 18.804431915283203 0
1670271055812 18.886476516723633 0
1670271056029 18.891281127929688 0
1670271056243 18.757043838500977 0
1670271056457 18.978200912475586 0
1670271056669 19.008041381835938 0
1670271056887 19.106576919555664 0
1670271057109 18.785221099853516 0
1670271057330 18.974111557006836 0
1670271057548 18.84630012512207 0
1670271057767 18.41912078857422 0
1670271057984 19.19489288330078 0
1670271058202 18.698575973510742 0
1670271058419 19.089445114135742 0
1670271058638 19.085494995117188 0
1670271058856 18.700637817382812 0
1670271059072 19.10795021057129 0
1670271059289 18.74955177307129 0
1670271059509 19.141000747680664 0
1670271059726 19.016178131103516 0
1670271059942 18.95925521850586 0
1670271060157 18.790658950805664 0
1670271060375 18.91847801208496 0
1670271060593 18.90855598449707 0
1670271060812 19.301651000976562 0
1670271061032 19.217079162597656 0
1670271061250 18.73441505432129 0
1670271061469 18.75440216064453 0
1670271061686 18.850666046142578 0
1670271061905 18.945329666137695 0
1670271062122 19.62985610961914 0
1670271062338 19.31976318359375 0
1670271062558 18.861787796020508 0
1670271062774 19.294313430786133 0
1670271062993 19.223102569580078 0
1670271063210 18.81378936767578 0
1670271063427 18.843467712402344 0
1670271063646 18.836069107055664 0
1670271063864 19.026897430419922 0
1670271064082 18.789487838745117 0
1670271064300 18.88678741455078 0
1670271064518 19.07024383544922 0
1670271064735 18.806337356567383 0
1670271064952 19.158519744873047 0
1670271065171 18.986032485961914 0
1670271065387 19.116031646728516 0
1670271065604 19.11423110961914 0
1670271065822 18.752939224243164 0
1670271066039 19.16651725769043 0
1670271066257 18.995485305786133 0
1670271066474 19.438417434692383 0
1670271066690 19.12512969970703 0
1670271066905 19.51633644104004 0
1670271067123 18.77703094482422 0
1670271067341 19.1324520111084 0
1670271067558 19.162260055541992 0
1670271067776 19.189714431762695 0
1670271067995 19.308902740478516 0
1670271068213 19.223432540893555 0
1670271068430 19.0523738861084 0
1670271068649 19.633575439453125 0
1670271068868 19.350650787353516 0
1670271069085 19.109146118164062 0
1670271069303 19.47914695739746 0
1670271069521 19.41492462158203 0
1670271069738 18.919198989868164 0
1670271069958 19.147506713867188 0
1670271070176 19.441913604736328 0
1670271070393 19.38037109375 0
1670271070609 19.46702766418457 0
1670271070830 19.01605987548828 0
1670271071050 19.77650260925293 0
1670271071427 19.66985321044922 0
1670271071641 19.0423641204834 0
1670271071858 19.1290283203125 0
1670271072076 18.955385208129883 0
1670271072294 19.322675704956055 0
1670271072512 19.567138671875 0
1670271072730 19.346139907836914 0
1670271072947 19.412752151489258 0
1670271073165 19.423545837402344 0
1670271073381 19.391986846923828 0
1670271073602 19.131929397583008 0
1670271073821 19.1805477142334 0
1670271074034 19.175771713256836 0
1670271074252 18.967912673950195 0
1670271074472 19.081066131591797 0
1670271074690 18.90797233581543 0
1670271074910 19.308652877807617 0
1670271075127 19.19206428527832 0
1670271075345 19.44051742553711 0
1670271075565 19.307092666625977 0
1670271075783 19.332571029663086 0
1670271076001 19.13655662536621 0
1670271076218 19.04476547241211 0
1670271076439 18.97330665588379 0
1670271076662 19.318262100219727 0
1670271076879 19.455644607543945 0
1670271077095 19.52191734313965 0
1670271077314 19.418590545654297 0
1670271077535 19.36919593811035 0
1670271077752 19.37920570373535 0
1670271077971 19.138147354125977 0
1670271078187 19.774877548217773 0
1670271078405 19.273117065429688 0
1670271078622 19.534122467041016 0
1670271078839 18.97471809387207 0
1670271079058 19.552038192749023 0
1670271079277 19.277315139770508 0
1670271079495 19.44087791442871 0
1670271079713 18.998004913330078 0
1670271079931 19.461217880249023 0
1670271080148 19.414634704589844 0
1670271080365 19.10502052307129 0
1670271080582 19.227142333984375 0
1670271080802 19.365440368652344 0
1670271081019 19.250293731689453 0
1670271081237 19.398283004760742 0
1670271081454 19.703248977661133 0
1670271081673 19.5838565826416 0
1670271081890 19.91438865661621 0
1670271082106 19.552207946777344 0
1670271082324 19.280902862548828 0
1670271082542 19.149578094482422 0
1670271082759 19.94692611694336 0
1670271082980 19.306657791137695 0
1670271083197 18.8018856048584 0
1670271083415 18.971792221069336 0
1670271083634 19.329343795776367 0
1670271083850 19.955106735229492 0
1670271084069 19.450035095214844 0
1670271084286 19.353599548339844 0
1670271084506 19.445505142211914 0
1670271084720 19.729963302612305 0
1670271084937 19.68802833557129 0
1670271085160 19.05564308166504 0
1670271085377 19.310518264770508 0
1670271085597 19.376981735229492 0
1670271085814 19.351200103759766 0
1670271086032 19.81217384338379 0
1670271086249 19.132959365844727 0
1670271086467 18.98360824584961 0
1670271086684 19.48222541809082 0
1670271086901 19.36543846130371 0
1670271087117 19.210979461669922 0
1670271087335 19.133682250976562 0
1670271087555 19.391132354736328 0
1670271087772 19.5540771484375 0
1670271087988 19.326618194580078 0
1670271088201 19.694202423095703 0
1670271088416 19.13853645324707 0
1670271088631 19.953908920288086 0
1670271088853 19.323043823242188 0
1670271089072 19.734548568725586 0
1670271089291 20.27489471435547 0
1670271089510 19.617834091186523 0
1670271089728 19.42986488342285 0
1670271089946 19.273984909057617 0
1670271090165 19.57210922241211 0
1670271090384 19.350635528564453 0
1670271090602 19.826295852661133 0
1670271090821 19.636001586914062 0
1670271091041 19.599437713623047 0
1670271091258 19.694080352783203 0
1670271091472 19.50245475769043 0
1670271091686 19.308223724365234 0
1670271091900 19.83269691467285 0
1670271092118 19.67217445373535 0
1670271092340 19.707035064697266 0
1670271092559 19.790538787841797 0
1670271092778 19.750797271728516 0
1670271092999 19.45954704284668 0
