1670443655508 7.173822402954102 0
1670443674851 7.173822402954102 0
1670443690936 7.173822402954102 0
1670443714155 7.173822402954102 0
1670443740737 7.137558460235596 0
1670443740906 7.260675430297852 1
1670443741076 7.26368522644043 1
1670443741243 7.415285110473633 2
1670443741414 7.461235523223877 2
1670443741585 7.676249980926514 3
1670443741753 7.698182106018066 3
1670443741923 7.827037811279297 4
1670443742092 7.9144744873046875 4
1670443742259 8.111710548400879 5
1670443742427 8.194327354431152 5
1670443742597 8.50637435913086 6
1670443742765 8.396143913269043 6
1670443742933 8.957165718078613 7
1670443743100 8.890350341796875 7
1670443743268 9.37984561920166 8
1670443743435 9.313138008117676 8
1670443743602 10.106569290161133 9
1670443743769 10.012153625488281 9
1670443743937 10.283761024475098 10
1670443744106 10.22792911529541 10
1670443744275 10.40604019165039 11
1670443744442 10.382770538330078 11
1670443744608 10.180346488952637 12
1670443744775 10.695701599121094 12
1670443744941 10.196806907653809 13
1670443745108 10.080678939819336 13
1670443745275 10.080703735351562 14
1670443745440 10.144834518432617 14
1670443745607 10.102851867675781 15
1670443745773 10.29594612121582 15
1670443745939 10.147735595703125 16
1670443746105 10.511432647705078 16
1670443746271 10.298754692077637 17
1670443746438 10.354965209960938 17
1670443746605 10.435227394104004 18
1670443746771 10.486217498779297 18
1670443746937 10.268508911132812 19
1670443747102 10.461287498474121 19
1670443747269 10.763096809387207 20
1670443747440 10.988443374633789 20
1670443747608 10.696215629577637 21
1670443747778 10.650590896606445 21
1670443747945 10.647442817687988 22
1670443748113 10.732428550720215 22
1670443748280 10.724824905395508 23
1670443748447 11.016812324523926 23
1670443748615 10.912595748901367 24
1670443748782 10.91369342803955 24
1670443748951 10.832555770874023 25
1670443749118 10.831287384033203 25
1670443749286 10.90217399597168 26
1670443749453 11.004850387573242 26
1670443749620 10.701128005981445 27
1670443749789 10.74589729309082 27
1670443749956 10.98133373260498 28
1670443750123 10.795683860778809 28
1670443750290 10.870271682739258 29
1670443750458 10.876529693603516 29
1670443750625 11.07129192352295 30
1670443750796 11.122962951660156 30
1670443750965 11.158291816711426 31
1670443751133 11.193193435668945 31
1670443751301 11.180442810058594 32
1670443751468 11.330086708068848 32
1670443751638 11.26491928100586 33
1670443751805 11.215359687805176 33
1670443751972 11.275445938110352 34
1670443752141 10.816615104675293 34
1670443752309 11.039708137512207 35
1670443752477 11.086773872375488 35
1670443752647 11.196174621582031 36
1670443752814 10.992875099182129 36
1670443752981 10.846409797668457 37
1670443753150 11.040349006652832 37
1670443753317 11.162233352661133 38
1670443753485 11.196805000305176 38
1670443753653 11.072892189025879 39
1670443753821 11.014524459838867 39
1670443753988 11.220000267028809 40
1670443754159 11.206232070922852 40
1670443754329 11.654853820800781 41
1670443754496 10.898539543151855 41
1670443754665 11.419833183288574 42
1670443754834 11.200526237487793 42
1670443755001 11.353850364685059 43
1670443755169 11.197230339050293 43
1670443755337 11.002446174621582 44
1670443755506 11.189796447753906 44
1670443755674 11.350860595703125 45
1670443755842 11.473298072814941 45
1670443756011 10.968976020812988 46
1670443756179 11.196662902832031 46
1670443756347 11.269681930541992 47
1670443756516 11.441540718078613 47
1670443756683 10.843698501586914 48
1670443756852 11.037266731262207 48
1670443757023 11.218900680541992 49
1670443757190 11.038046836853027 49
1670443757358 11.566322326660156 50
1670443757622 11.446146965026855 50
1670443757791 11.147534370422363 51
1670443757958 11.184404373168945 51
1670443758127 11.353540420532227 52
1670443758295 11.069291114807129 52
1670443758463 11.119630813598633 53
1670443758632 11.229588508605957 53
1670443758800 11.34543514251709 54
1670443758968 11.675881385803223 54
1670443759138 11.410576820373535 55
1670443759305 11.264184951782227 55
1670443759472 11.231983184814453 56
1670443759639 10.877158164978027 56
1670443759807 11.339667320251465 57
1670443759976 11.443337440490723 57
1670443760144 11.598516464233398 58
1670443760311 11.29067325592041 58
1670443760480 11.16366958618164 59
1670443760648 11.390189170837402 59
1670443760816 11.704438209533691 60
1670443760987 11.55206298828125 60
1670443761157 11.333294868469238 61
1670443761325 11.779383659362793 61
1670443761494 11.465826988220215 62
1670443761662 11.48144245147705 62
1670443761831 11.164143562316895 63
1670443762001 11.355175018310547 63
1670443762170 11.392293930053711 64
1670443762339 11.553339004516602 64
1670443762507 11.48067855834961 65
1670443762677 11.66452407836914 65
1670443762846 11.237414360046387 66
1670443763017 11.73458480834961 66
1670443763186 11.551669120788574 67
1670443763354 11.524937629699707 67
1670443763526 11.409276008605957 68
1670443763694 11.634593963623047 68
1670443763865 11.462864875793457 69
1670443764034 11.479962348937988 69
1670443764203 11.5007905960083 70
1670443764375 11.5307035446167 70
1670443764545 11.677685737609863 71
1670443764713 11.291376113891602 71
1670443764883 11.446368217468262 72
1670443765052 11.529439926147461 72
1670443765220 11.701160430908203 73
1670443765390 11.477142333984375 73
1670443765558 11.427275657653809 74
1670443765728 11.440995216369629 74
1670443765898 11.921388626098633 75
1670443766068 11.459554672241211 75
1670443766237 11.377266883850098 76
1670443766405 11.65623950958252 76
1670443766574 11.758503913879395 77
1670443766742 11.53199291229248 77
1670443766911 11.856597900390625 78
1670443767078 11.891430854797363 78
1670443767247 11.83952808380127 79
1670443767416 11.848740577697754 79
1670443767584 11.506058692932129 80
1670443767756 11.847457885742188 80
1670443767927 11.792576789855957 81
1670443768096 11.772912979125977 81
1670443768265 11.903786659240723 82
1670443768435 11.71124267578125 82
1670443768603 11.834750175476074 83
1670443768772 11.444194793701172 83
1670443768941 11.837202072143555 84
1670443769110 11.654364585876465 84
1670443769279 12.003886222839355 85
1670443769447 12.147759437561035 85
1670443769616 11.946849822998047 86
1670443769785 11.845259666442871 86
1670443769954 12.025420188903809 87
1670443770123 11.770221710205078 87
1670443770293 12.190713882446289 88
1670443770460 12.262641906738281 88
1670443770629 11.816457748413086 89
1670443770797 12.004302978515625 89
1670443770965 11.841011047363281 90
1670443771135 12.288629531860352 90
1670443771304 11.995615005493164 91
1670443771472 12.41440486907959 91
1670443771641 12.130379676818848 92
1670443771809 12.615950584411621 92
1670443771978 11.9275484085083 93
1670443772146 12.113466262817383 93
1670443772315 12.30537223815918 94
1670443772484 11.778280258178711 94
1670443772653 12.150545120239258 95
1670443772822 12.096458435058594 95
1670443772990 12.128647804260254 96
1670443773159 12.466639518737793 96
1670443773327 12.55964469909668 97
1670443773496 12.05105209350586 97
1670443773664 12.050270080566406 98
1670443773832 12.080641746520996 98
1670443774002 12.389657020568848 99
1670443774169 11.992079734802246 99
1670443774338 12.365375518798828 100
1670443774629 12.382027626037598 100
1670443774800 12.277748107910156 101
1670443774970 12.281744003295898 101
1670443775139 12.409831047058105 102
1670443775308 12.794455528259277 102
1670443775477 12.815701484680176 103
1670443775645 12.651824951171875 103
1670443775813 12.567480087280273 104
1670443775982 12.466838836669922 104
1670443776150 12.09048843383789 105
1670443776320 12.71954345703125 105
1670443776488 12.363386154174805 106
1670443776656 12.526341438293457 106
1670443776826 12.754749298095703 107
1670443776994 12.393187522888184 107
1670443777163 12.882330894470215 108
1670443777332 12.690022468566895 108
1670443777502 12.551530838012695 109
1670443777671 12.48266315460205 109
1670443777840 12.821709632873535 110
1670443778009 12.613018035888672 110
1670443778181 12.932836532592773 111
1670443778350 12.637116432189941 111
1670443778521 12.486180305480957 112
1670443778691 12.694158554077148 112
1670443778860 12.69738483428955 113
1670443779028 12.50051212310791 113
1670443779197 12.903791427612305 114
1670443779366 12.669938087463379 114
1670443779535 12.816537857055664 115
1670443779704 12.686635971069336 115
1670443779874 12.803683280944824 116
1670443780044 12.821199417114258 116
1670443780213 12.547422409057617 117
1670443780383 13.367461204528809 117
1670443780552 12.954999923706055 118
1670443780720 12.840962409973145 118
1670443780889 13.131464958190918 119
1670443781057 12.932771682739258 119
1670443781226 12.988463401794434 120
1670443781400 12.941987991333008 120
1670443781570 13.06761646270752 121
1670443781739 13.17400074005127 121
1670443781910 13.530170440673828 122
1670443782078 13.314840316772461 122
1670443782246 13.685127258300781 123
1670443782416 14.084345817565918 123
1670443782585 13.925345420837402 124
1670443782756 13.816289901733398 124
1670443782926 14.22372055053711 125
1670443783094 13.603601455688477 125
1670443783264 13.797122955322266 126
1670443783434 13.996588706970215 126
1670443783603 14.289897918701172 127
1670443783772 14.347436904907227 127
1670443783941 14.049190521240234 128
1670443784110 14.110658645629883 128
1670443784280 14.33618450164795 129
1670443784448 14.383131980895996 129
1670443784618 14.564270973205566 130
1670443784791 14.596979141235352 130
1670443784961 14.333845138549805 131
1670443785132 14.355586051940918 131
1670443785305 15.022480010986328 132
1670443785474 15.118392944335938 132
1670443785644 14.711403846740723 133
1670443785814 14.873291969299316 133
1670443785984 14.797245979309082 134
1670443786153 15.200900077819824 134
1670443786323 14.967689514160156 135
1670443786494 14.579063415527344 135
1670443786663 14.812810897827148 136
1670443786832 14.897388458251953 136
1670443787002 14.733027458190918 137
1670443787171 14.78965950012207 137
1670443787341 15.306370735168457 138
1670443787510 15.478835105895996 138
1670443787680 15.241127967834473 139
1670443787848 15.116089820861816 139
1670443788017 15.001526832580566 140
1670443788187 15.301168441772461 140
1670443788356 15.439778327941895 141
1670443788526 15.068230628967285 141
1670443788697 15.47354793548584 142
1670443788868 15.424166679382324 142
1670443789038 15.570035934448242 143
1670443789206 15.47177505493164 143
1670443789375 15.76828670501709 144
1670443789545 15.49697208404541 144
1670443789713 15.914470672607422 145
1670443789882 15.72486686706543 145
1670443790051 15.903154373168945 146
1670443790220 15.242106437683105 146
1670443790388 16.05713653564453 147
1670443790558 15.648405075073242 147
1670443790729 16.332616806030273 148
1670443790898 15.932948112487793 148
1670443791067 16.49537467956543 149
1670443791236 16.146923065185547 149
1670443791405 16.12380027770996 150
1670443791666 16.27524185180664 150
1670443791836 15.791533470153809 151
1670443792006 16.44387435913086 151
1670443792177 16.193368911743164 152
1670443792346 16.6469783782959 152
1670443792517 16.297273635864258 153
1670443792686 15.926214218139648 153
1670443792855 16.133031845092773 154
1670443793025 16.370615005493164 154
1670443793194 16.849720001220703 155
1670443793363 16.591968536376953 155
1670443793534 16.663951873779297 156
1670443793703 16.835325241088867 156
1670443793872 16.341381072998047 157
1670443794041 17.369827270507812 157
1670443794212 16.675792694091797 158
1670443794381 16.598159790039062 158
1670443794551 16.503969192504883 159
1670443794720 16.234066009521484 159
1670443794890 16.48593521118164 160
1670443795062 16.717296600341797 160
1670443795232 16.761423110961914 161
1670443795402 16.633758544921875 161
1670443795573 16.439403533935547 162
1670443795743 16.830528259277344 162
1670443795914 16.8431396484375 163
1670443796087 16.89784812927246 163
1670443796259 16.867952346801758 164
1670443796428 17.477384567260742 164
1670443796598 17.131044387817383 165
1670443796767 17.236026763916016 165
1670443796938 17.124404907226562 166
1670443797106 16.803438186645508 166
1670443797276 17.169347763061523 167
1670443797447 17.115795135498047 167
1670443797616 17.314828872680664 168
1670443797785 16.839202880859375 168
1670443797955 17.255477905273438 169
1670443798125 17.237003326416016 169
1670443798296 16.860315322875977 170
1670443798468 17.125057220458984 170
1670443798639 17.068321228027344 171
1670443798808 17.109294891357422 171
1670443798980 17.337600708007812 172
1670443799150 17.635997772216797 172
1670443799320 16.964265823364258 173
1670443799490 17.68636703491211 173
1670443799660 17.1572322845459 174
1670443799831 16.97759246826172 174
1670443800000 17.136188507080078 175
1670443800170 17.448938369750977 175
1670443800340 17.43929672241211 176
1670443800509 16.992870330810547 176
1670443800678 16.6210880279541 177
1670443800848 17.261201858520508 177
1670443801018 17.785873413085938 178
1670443801188 17.38934898376465 178
1670443801358 17.23665428161621 179
1670443801527 17.428180694580078 179
1670443801697 17.620683670043945 180
1670443801870 17.673686981201172 180
1670443802042 17.49941062927246 181
1670443802213 18.09847640991211 181
1670443802384 17.494779586791992 182
1670443802554 17.458946228027344 182
1670443802723 17.3380184173584 183
1670443802893 17.15529441833496 183
1670443803063 17.415971755981445 184
1670443803234 17.20693588256836 184
1670443803405 17.844409942626953 185
1670443803578 17.472131729125977 185
1670443803749 17.429964065551758 186
1670443803919 17.26172637939453 186
1670443850387 7.173822402954102 0
1670443877137 7.137558460235596 0
1670443877307 7.260675430297852 1
1670443877478 7.26368522644043 1
1670443877645 7.415285110473633 2
1670443877815 7.461235523223877 2
1670443877985 7.676249980926514 3
1670443878154 7.698182106018066 3
1670443878323 7.827037811279297 4
1670443878491 7.9144744873046875 4
1670443878661 8.111710548400879 5
1670443878830 8.194327354431152 5
1670443879000 8.50637435913086 6
1670443879168 8.396143913269043 6
1670443879338 8.957165718078613 7
1670443879507 8.890350341796875 7
1670443879676 9.37984561920166 8
1670443879844 9.313138008117676 8
1670443880013 10.106569290161133 9
1670443880181 10.012153625488281 9
1670443880349 10.283761024475098 10
1670443880520 10.22792911529541 10
1670443880688 10.40604019165039 11
1670443880855 10.382770538330078 11
1670443881023 10.180346488952637 12
1670443881191 10.695701599121094 12
1670443881358 10.196806907653809 13
1670443881526 10.080678939819336 13
1670443881695 10.080703735351562 14
1670443881863 10.144834518432617 14
1670443882031 10.102851867675781 15
1670443882199 10.29594612121582 15
1670443882366 10.147735595703125 16
1670443882533 10.511432647705078 16
1670443882701 10.298754692077637 17
1670443882869 10.354965209960938 17
1670443883036 10.435227394104004 18
1670443883204 10.486217498779297 18
1670443883375 10.268508911132812 19
1670443883542 10.461287498474121 19
1670443883712 10.763096809387207 20
1670443883884 10.988443374633789 20
1670443884052 10.696215629577637 21
1670443884220 10.650590896606445 21
1670443884389 10.647442817687988 22
1670443884557 10.732428550720215 22
1670443884725 10.724824905395508 23
1670443884893 11.016812324523926 23
1670443885061 10.912595748901367 24
1670443885230 10.91369342803955 24
1670443885399 10.832555770874023 25
1670443885568 10.831287384033203 25
1670443885738 10.90217399597168 26
1670443885907 11.004850387573242 26
1670443886075 10.701128005981445 27
1670443886243 10.74589729309082 27
1670443886412 10.98133373260498 28
1670443886580 10.795683860778809 28
1670443886748 10.870271682739258 29
1670443886916 10.876529693603516 29
1670443887085 11.07129192352295 30
1670443887256 11.122962951660156 30
1670443887426 11.158291816711426 31
1670443887593 11.193193435668945 31
1670443887767 11.180442810058594 32
1670443887935 11.330086708068848 32
1670443888104 11.26491928100586 33
1670443888273 11.215359687805176 33
1670443888441 11.275445938110352 34
1670443888610 10.816615104675293 34
1670443888779 11.039708137512207 35
1670443888947 11.086773872375488 35
1670443889116 11.196174621582031 36
1670443889284 10.992875099182129 36
1670443889453 10.846409797668457 37
1670443889622 11.040349006652832 37
1670443889791 11.162233352661133 38
1670443889961 11.196805000305176 38
1670443890131 11.072892189025879 39
1670443890299 11.014524459838867 39
1670443890468 11.220000267028809 40
1670443890640 11.206232070922852 40
1670443890807 11.654853820800781 41
1670443890978 10.898539543151855 41
1670443891146 11.419833183288574 42
1670443891315 11.200526237487793 42
1670443891483 11.353850364685059 43
1670443891652 11.197230339050293 43
1670443891821 11.002446174621582 44
1670443891991 11.189796447753906 44
1670443892161 11.350860595703125 45
1670443892331 11.473298072814941 45
1670443892501 10.968976020812988 46
1670443892671 11.196662902832031 46
1670443892840 11.269681930541992 47
1670443893009 11.441540718078613 47
1670443893178 10.843698501586914 48
1670443893347 11.037266731262207 48
1670443893516 11.218900680541992 49
1670443893685 11.038046836853027 49
1670443893856 11.566322326660156 50
1670443894121 11.446146965026855 50
1670443894292 11.147534370422363 51
1670443894462 11.184404373168945 51
1670443894633 11.353540420532227 52
1670443894802 11.069291114807129 52
1670443894971 11.119630813598633 53
1670443895141 11.229588508605957 53
1670443895311 11.34543514251709 54
1670443895480 11.675881385803223 54
1670443895650 11.410576820373535 55
1670443895819 11.264184951782227 55
1670443895990 11.231983184814453 56
1670443896159 10.877158164978027 56
1670443896331 11.339667320251465 57
1670443896500 11.443337440490723 57
1670443896672 11.598516464233398 58
1670443896842 11.29067325592041 58
1670443897011 11.16366958618164 59
1670443897180 11.390189170837402 59
1670443897350 11.704438209533691 60
1670443897522 11.55206298828125 60
1670443897694 11.333294868469238 61
1670443897863 11.779383659362793 61
1670443898033 11.465826988220215 62
1670443898205 11.48144245147705 62
1670443898376 11.164143562316895 63
1670443898546 11.355175018310547 63
1670443898715 11.392293930053711 64
1670443898890 11.553339004516602 64
1670443899060 11.48067855834961 65
1670443899229 11.66452407836914 65
1670443899399 11.237414360046387 66
1670443899567 11.73458480834961 66
1670443899738 11.551669120788574 67
1670443899906 11.524937629699707 67
1670443900075 11.409276008605957 68
1670443900245 11.634593963623047 68
1670443900415 11.462864875793457 69
1670443900585 11.479962348937988 69
1670443900754 11.5007905960083 70
1670443900927 11.5307035446167 70
1670443901100 11.677685737609863 71
1670443901271 11.291376113891602 71
1670443901441 11.446368217468262 72
1670443901611 11.529439926147461 72
1670443901781 11.701160430908203 73
1670443901950 11.477142333984375 73
1670443902120 11.427275657653809 74
1670443902290 11.440995216369629 74
1670443902459 11.921388626098633 75
1670443902629 11.459554672241211 75
1670443902798 11.377266883850098 76
1670443902967 11.65623950958252 76
1670443903137 11.758503913879395 77
1670443903306 11.53199291229248 77
1670443903476 11.856597900390625 78
1670443903647 11.891430854797363 78
1670443903816 11.83952808380127 79
1670443903985 11.848740577697754 79
1670443904154 11.506058692932129 80
1670443904323 11.847457885742188 80
1670443904493 11.792576789855957 81
1670443904663 11.772912979125977 81
1670443904833 11.903786659240723 82
1670443905002 11.71124267578125 82
1670443905172 11.834750175476074 83
1670443905341 11.444194793701172 83
1670443905511 11.837202072143555 84
1670443905681 11.654364585876465 84
1670443905852 12.003886222839355 85
1670443906023 12.147759437561035 85
1670443906192 11.946849822998047 86
1670443906362 11.845259666442871 86
1670443906531 12.025420188903809 87
1670443906701 11.770221710205078 87
1670443906870 12.190713882446289 88
1670443907042 12.262641906738281 88
1670443907212 11.816457748413086 89
1670443907382 12.004302978515625 89
1670443907552 11.841011047363281 90
1670443907723 12.288629531860352 90
1670443907894 11.995615005493164 91
1670443908063 12.41440486907959 91
1670443908233 12.130379676818848 92
1670443908404 12.615950584411621 92
1670443908574 11.9275484085083 93
1670443908743 12.113466262817383 93
1670443908912 12.30537223815918 94
1670443909082 11.778280258178711 94
1670443909251 12.150545120239258 95
1670443909420 12.096458435058594 95
1670443909592 12.128647804260254 96
1670443909762 12.466639518737793 96
1670443909930 12.55964469909668 97
1670443910100 12.05105209350586 97
1670443910269 12.050270080566406 98
1670443910438 12.080641746520996 98
1670443910611 12.389657020568848 99
1670443910780 11.992079734802246 99
1670443910950 12.365375518798828 100
1670443911245 12.382027626037598 100
1670443911416 12.277748107910156 101
1670443911586 12.281744003295898 101
1670443911757 12.409831047058105 102
1670443911927 12.794455528259277 102
1670443912095 12.815701484680176 103
1670443912264 12.651824951171875 103
1670443912434 12.567480087280273 104
1670443912604 12.466838836669922 104
1670443912774 12.09048843383789 105
1670443912943 12.71954345703125 105
1670443913112 12.363386154174805 106
1670443913283 12.526341438293457 106
1670443913453 12.754749298095703 107
1670443913623 12.393187522888184 107
1670443913793 12.882330894470215 108
1670443913962 12.690022468566895 108
1670443914131 12.551530838012695 109
1670443914299 12.48266315460205 109
1670443914469 12.821709632873535 110
1670443914642 12.613018035888672 110
1670443914813 12.932836532592773 111
1670443914983 12.637116432189941 111
1670443915153 12.486180305480957 112
1670443915322 12.694158554077148 112
1670443915493 12.69738483428955 113
1670443915662 12.50051212310791 113
1670443915831 12.903791427612305 114
1670443916000 12.669938087463379 114
1670443916169 12.816537857055664 115
1670443916339 12.686635971069336 115
1670443916508 12.803683280944824 116
1670443916677 12.821199417114258 116
1670443916847 12.547422409057617 117
1670443917016 13.367461204528809 117
1670443917186 12.954999923706055 118
1670443917354 12.840962409973145 118
1670443917524 13.131464958190918 119
1670443917694 12.932771682739258 119
1670443917862 12.988463401794434 120
1670443918034 12.941987991333008 120
1670443918205 13.06761646270752 121
1670443918375 13.17400074005127 121
1670443918546 13.530170440673828 122
1670443918716 13.314840316772461 122
1670443918885 13.685127258300781 123
1670443919056 14.084345817565918 123
1670443919226 13.925345420837402 124
1670443919396 13.816289901733398 124
1670443919565 14.22372055053711 125
1670443919735 13.603601455688477 125
1670443919905 13.797122955322266 126
1670443920075 13.996588706970215 126
1670443920244 14.289897918701172 127
1670443920415 14.347436904907227 127
1670443920586 14.049190521240234 128
1670443920756 14.110658645629883 128
1670443920929 14.33618450164795 129
1670443921099 14.383131980895996 129
1670443921270 14.564270973205566 130
1670443921442 14.596979141235352 130
1670443921617 14.333845138549805 131
1670443921788 14.355586051940918 131
1670443921963 15.022480010986328 132
1670443922133 15.118392944335938 132
1670443922309 14.711403846740723 133
1670443922481 14.873291969299316 133
1670443922656 14.797245979309082 134
1670443922828 15.200900077819824 134
1670443923002 14.967689514160156 135
1670443923184 14.579063415527344 135
1670443923355 14.812810897827148 136
1670443923528 14.897388458251953 136
1670443923703 14.733027458190918 137
1670443923876 14.78965950012207 137
1670443924053 15.306370735168457 138
1670443924225 15.478835105895996 138
1670443924401 15.241127967834473 139
1670443924579 15.116089820861816 139
1670443924757 15.001526832580566 140
1670443924933 15.301168441772461 140
1670443925110 15.439778327941895 141
1670443925287 15.068230628967285 141
1670443925463 15.47354793548584 142
1670443925639 15.424166679382324 142
1670443925816 15.570035934448242 143
1670443925991 15.47177505493164 143
1670443926168 15.76828670501709 144
1670443926346 15.49697208404541 144
1670443926525 15.914470672607422 145
1670443926699 15.72486686706543 145
1670443926879 15.903154373168945 146
1670443927056 15.242106437683105 146
1670443927237 16.05713653564453 147
1670443927416 15.648405075073242 147
1670443927588 16.332616806030273 148
1670443927764 15.932948112487793 148
1670443927941 16.49537467956543 149
1670443928117 16.146923065185547 149
1670443928293 16.12380027770996 150
1670443928572 16.27524185180664 150
1670443928746 15.791533470153809 151
1670443928924 16.44387435913086 151
1670443929104 16.193368911743164 152
1670443929279 16.6469783782959 152
1670443929454 16.297273635864258 153
1670443929628 15.926214218139648 153
1670443929805 16.133031845092773 154
1670443929981 16.370615005493164 154
1670443930156 16.849720001220703 155
1670443930334 16.591968536376953 155
1670443930512 16.663951873779297 156
1670443930683 16.835325241088867 156
1670443930861 16.341381072998047 157
1670443931039 17.369827270507812 157
1670443931215 16.675792694091797 158
1670443931390 16.598159790039062 158
1670443931569 16.503969192504883 159
1670443931745 16.234066009521484 159
1670443931918 16.48593521118164 160
1670443932092 16.717296600341797 160
1670443932271 16.761423110961914 161
1670443932446 16.633758544921875 161
1670443932625 16.439403533935547 162
1670443932803 16.830528259277344 162
1670443932980 16.8431396484375 163
1670443933159 16.89784812927246 163
1670443933331 16.867952346801758 164
1670443933507 17.477384567260742 164
1670443933682 17.131044387817383 165
1670443933859 17.236026763916016 165
1670443934037 17.124404907226562 166
1670443934214 16.803438186645508 166
1670443934387 17.169347763061523 167
1670443934563 17.115795135498047 167
1670443934741 17.314828872680664 168
1670443934916 16.839202880859375 168
1670443935090 17.255477905273438 169
1670443935268 17.237003326416016 169
1670443935442 16.860315322875977 170
1670443935620 17.125057220458984 170
1670443935794 17.068321228027344 171
1670443935972 17.109294891357422 171
1670443936149 17.337600708007812 172
1670443936329 17.635997772216797 172
1670443936507 16.964265823364258 173
1670443936679 17.68636703491211 173
1670443936852 17.1572322845459 174
1670443937023 16.97759246826172 174
1670443937202 17.136188507080078 175
1670443937377 17.448938369750977 175
1670443937551 17.43929672241211 176
1670443937724 16.992870330810547 176
1670443937896 16.6210880279541 177
1670443938069 17.261201858520508 177
1670443938242 17.785873413085938 178
1670443938413 17.38934898376465 178
1670443938587 17.23665428161621 179
1670443938762 17.428180694580078 179
1670443938935 17.620683670043945 180
1670443939108 17.673686981201172 180
1670443939290 17.49941062927246 181
1670443939462 18.09847640991211 181
1670443939638 17.494779586791992 182
1670443939815 17.458946228027344 182
1670443939991 17.3380184173584 183
1670443940167 17.15529441833496 183
1670443940343 17.415971755981445 184
1670443940518 17.20693588256836 184
1670443940691 17.844409942626953 185
1670443940867 17.472131729125977 185
1670443941045 17.429964065551758 186
1670443941221 17.26172637939453 186
1670443941400 17.339868545532227 187
1670443941577 17.477540969848633 187
1670443941750 17.3405704498291 188
1670443941922 17.74707794189453 188
1670443942099 17.56110954284668 189
1670443942275 17.777799606323242 189
1670443942446 18.14115333557129 190
1670443942623 18.06221580505371 190
1670443942802 17.563140869140625 191
1670443942980 17.215349197387695 191
1670443943155 17.218170166015625 192
1670443943331 17.52907943725586 192
1670443943510 17.658132553100586 193
1670443943683 17.427949905395508 193
1670443943856 17.393869400024414 194
1670443944037 17.852558135986328 194
1670443944210 17.903772354125977 195
1670443944381 17.66596031188965 195
1670443944557 17.57486343383789 196
1670443944733 17.6563663482666 196
1670443944910 17.840164184570312 197
1670443945083 17.749631881713867 197
1670443945264 18.07734489440918 198
1670443945436 18.144121170043945 198
1670443945610 17.501672744750977 199
1670443945783 18.249923706054688 199
1670443945959 17.645713806152344 200
1670443946262 17.886333465576172 200
1670443946435 17.36972427368164 201
1670443946614 17.411148071289062 201
1670443946787 18.003570556640625 202
1670443946960 17.9460506439209 202
1670443947134 17.838314056396484 203
1670443947308 18.17034339904785 203
1670443947481 17.639699935913086 204
1670443947659 17.910911560058594 204
1670443947833 17.837608337402344 205
1670443948009 17.643993377685547 205
1670443948187 17.712787628173828 206
1670443948364 17.422401428222656 206
1670443948539 17.6164608001709 207
1670443948716 17.646121978759766 207
1670443948896 17.824615478515625 208
1670443949075 18.467714309692383 208
1670443949252 17.829790115356445 209
1670443949431 17.754480361938477 209
1670443949614 18.150827407836914 210
1670443949796 17.979490280151367 210
1670443949978 18.42704963684082 211
1670443950162 17.861547470092773 211
1670443950345 18.645153045654297 212
1670443950527 18.710113525390625 212
1670443950709 17.893808364868164 213
1670443950895 17.904823303222656 213
1670443951082 18.483888626098633 214
1670443951270 18.602222442626953 214
1670443951455 18.251670837402344 215
1670443951639 17.861543655395508 215
1670443951824 17.606388092041016 216
1670443952015 18.739194869995117 216
1670443952204 18.241762161254883 217
1670443952393 18.42640495300293 217
1670443952587 17.594938278198242 218
1670443952778 17.77291488647461 218
1670443952971 18.340219497680664 219
1670443953163 17.87407112121582 219
1670443953358 18.480148315429688 220
1670443953547 17.865013122558594 220
1670443953740 18.455961227416992 221
1670443953931 17.646583557128906 221
1670443954125 18.3929386138916 222
1670443954318 18.317672729492188 222
1670443954516 18.299110412597656 223
1670443954712 18.085237503051758 223
1670443954904 18.18813705444336 224
1670443955091 17.766706466674805 224
1670443955287 17.958229064941406 225
1670443955477 18.484201431274414 225
1670443955665 18.103656768798828 226
1670443955862 18.06330108642578 226
1670443956061 18.18094825744629 227
1670443956248 17.315759658813477 227
1670443956438 18.173255920410156 228
1670443956624 17.774513244628906 228
1670443956819 18.038715362548828 229
1670443957009 18.507461547851562 229
1670443957197 18.25318145751953 230
1670443957382 18.72784996032715 230
1670443957569 17.576231002807617 231
1670443957751 18.002166748046875 231
1670443957931 18.320615768432617 232
1670443958113 18.51849937438965 232
1670443958306 18.697717666625977 233
1670443958490 18.47920799255371 233
1670443958676 17.87225914001465 234
1670443958858 18.25408935546875 234
1670443959041 17.56113052368164 235
1670443959223 17.984542846679688 235
1670443959405 18.57431983947754 236
1670443959587 17.5263671875 236
1670443959770 18.615880966186523 237
1670443959957 18.334949493408203 237
1670443960142 18.304664611816406 238
1670443960331 18.169517517089844 238
1670443960514 18.207916259765625 239
1670443960697 18.32714080810547 239
1670443960882 18.055011749267578 240
1670443961068 17.72254180908203 240
1670443961259 18.29115104675293 241
1670443961442 18.36703872680664 241
1670443961627 18.03903579711914 242
1670443961810 17.958898544311523 242
1670443962005 18.353559494018555 243
1670443962187 18.57259750366211 243
1670443962371 18.808998107910156 244
1670443962557 18.758007049560547 244
1670443962741 18.03375816345215 245
1670443962923 18.1916446685791 245
1670443963107 18.19390869140625 246
1670443963291 18.459274291992188 246
1670443963475 18.0274600982666 247
1670443963660 18.382522583007812 247
1670443963842 18.4947452545166 248
1670443964026 17.879501342773438 248
1670443964211 18.90447998046875 249
1670443964398 17.97027015686035 249
1670443964585 18.416330337524414 250
1670443994177 18.486709594726562 250
1670443994361 18.47654914855957 251
1670443994542 19.023311614990234 251
1670443994728 18.295215606689453 252
1670443994916 18.685945510864258 252
1670443995106 18.222444534301758 253
1670443995295 18.539199829101562 253
1670443995487 17.9665584564209 254
1670443995681 18.569665908813477 254
1670443995876 18.357887268066406 255
1670443996067 18.58007049560547 255
1670443996260 18.20503044128418 256
1670443996451 18.128280639648438 256
1670443996645 18.173858642578125 257
1670443996837 18.554927825927734 257
1670443997030 18.203460693359375 258
1670443997218 17.701005935668945 258
1670443997412 18.39458656311035 259
1670443997602 18.437984466552734 259
1670443997795 18.515668869018555 260
1670443997994 18.1860408782959 260
1670443998187 18.136728286743164 261
1670443998381 18.746341705322266 261
1670443998573 18.06350326538086 262
1670443998766 18.188508987426758 262
1670443998958 18.350358963012695 263
1670443999152 18.0556640625 263
1670443999342 18.652339935302734 264
1670443999533 18.268991470336914 264
1670443999730 18.505733489990234 265
1670443999921 18.85059356689453 265
1670444000119 18.726089477539062 266
1670444000311 19.04593849182129 266
1670444000504 18.726364135742188 267
1670444000695 18.39399528503418 267
1670444000889 18.839445114135742 268
1670444001083 18.558279037475586 268
1670444001278 18.411378860473633 269
1670444001471 18.563133239746094 269
1670444001661 18.049036026000977 270
1670444001856 18.944934844970703 270
1670444002048 18.64102554321289 271
1670444002241 17.92751693725586 271
1670444002432 18.673545837402344 272
1670444002625 18.583288192749023 272
1670444002819 18.042512893676758 273
1670444003010 18.605297088623047 273
1670444003202 18.546749114990234 274
1670444003397 17.942054748535156 274
1670444003590 19.02435302734375 275
1670444003783 18.429353713989258 275
1670444003975 18.281484603881836 276
1670444004168 18.285945892333984 276
1670444004361 18.1160945892334 277
1670444004554 18.522302627563477 277
1670444004748 18.630754470825195 278
1670444004941 18.523666381835938 278
1670444005135 18.494131088256836 279
1670444005329 18.87710189819336 279
1670444005519 18.87952995300293 280
1670444005715 19.364402770996094 280
1670444005904 18.461355209350586 281
1670444006093 18.876283645629883 281
1670444006289 18.221895217895508 282
1670444006485 18.827375411987305 282
1670444006680 18.69630241394043 283
1670444006875 18.654111862182617 283
1670444007068 18.51492691040039 284
1670444007262 18.135147094726562 284
1670444007456 18.275480270385742 285
1670444007649 18.889963150024414 285
1670444007843 18.710012435913086 286
1670444008036 18.82538604736328 286
1670444008227 18.1795711517334 287
1670444008420 18.407920837402344 287
1670444008614 18.626741409301758 288
1670444008804 18.516658782958984 288
1670444008998 19.091819763183594 289
1670444009190 18.77017593383789 289
1670444009386 18.84360122680664 290
1670444009579 18.637815475463867 290
1670444009774 18.80014419555664 291
1670444009967 18.70868682861328 291
1670444010162 18.812519073486328 292
1670444010356 18.856660842895508 292
1670444010548 18.620508193969727 293
1670444010741 17.790807723999023 293
1670444010936 19.229475021362305 294
1670444011125 18.950424194335938 294
1670444011319 18.39130973815918 295
1670444011513 18.27921485900879 295
1670444011704 18.817075729370117 296
1670444011899 18.584087371826172 296
1670444012093 18.645780563354492 297
1670444012283 18.722949981689453 297
1670444012479 18.75861167907715 298
1670444012668 18.801273345947266 298
1670444012861 18.356027603149414 299
1670444013056 18.278921127319336 299
1670444013251 18.740886688232422 300
1670444013582 18.75002098083496 300
1670444013776 18.938472747802734 301
1670444013969 18.896657943725586 301
1670444014163 18.800128936767578 302
1670444014357 18.876779556274414 302
1670444014550 18.520004272460938 303
1670444014742 18.639785766601562 303
1670444014934 19.590070724487305 304
1670444015129 18.741474151611328 304
1670444015322 18.450223922729492 305
1670444015517 19.054637908935547 305
1670444015710 18.80768394470215 306
1670444015905 18.744428634643555 306
1670444016102 18.747926712036133 307
1670444016295 18.92099380493164 307
1670444016492 19.02587127685547 308
1670444016682 19.4398136138916 308
1670444016876 18.840608596801758 309
1670444017068 18.755247116088867 309
1670444017264 18.80108070373535 310
1670444017459 18.92247200012207 310
1670444017653 18.75227928161621 311
1670444017850 18.513917922973633 311
1670444018042 18.22581672668457 312
1670444018237 18.56834602355957 312
1670444018429 18.925201416015625 313
1670444018623 18.335979461669922 313
1670444018816 18.4539794921875 314
1670444019011 19.085750579833984 314
1670444019203 18.35568618774414 315
1670444019397 18.8756103515625 315
1670444019591 18.55410385131836 316
1670444019786 18.750896453857422 316
1670444019981 18.63513946533203 317
1670444020176 18.787288665771484 317
1670444020366 18.543842315673828 318
1670444020560 18.35575294494629 318
1670444020753 18.835174560546875 319
1670444020948 18.681730270385742 319
1670444021142 18.678255081176758 320
1670444021342 18.942371368408203 320
1670444021536 18.97892951965332 321
1670444021729 18.816251754760742 321
1670444021924 17.81109619140625 322
1670444022119 18.375686645507812 322
1670444022308 18.970947265625 323
1670444022503 19.110204696655273 323
1670444022698 18.906721115112305 324
1670444022893 18.663888931274414 324
1670444023088 18.759815216064453 325
1670444023279 18.860553741455078 325
1670444023474 18.285449981689453 326
1670444023667 18.690099716186523 326
1670444023862 19.05778694152832 327
1670444024054 18.52459716796875 327
1670444024249 18.156583786010742 328
1670444024443 18.31419563293457 328
1670444024639 19.036727905273438 329
1670444024833 18.776460647583008 329
1670444025027 18.686458587646484 330
1670444025224 18.616559982299805 330
1670444025418 18.766632080078125 331
1670444025612 19.00667953491211 331
1670444025806 18.557598114013672 332
1670444026000 18.601028442382812 332
1670444026191 18.97699737548828 333
1670444026386 18.649904251098633 333
1670444026580 18.403902053833008 334
1670444026771 18.76737403869629 334
1670444026966 18.533153533935547 335
1670444027160 18.4913387298584 335
1670444027354 18.717205047607422 336
1670444027550 18.35614585876465 336
1670444027743 18.944255828857422 337
1670444027937 18.43800926208496 337
1670444028131 18.552814483642578 338
1670444028322 19.09284019470215 338
1670444028517 19.212858200073242 339
1670444028711 18.945598602294922 339
1670444028905 18.640024185180664 340
1670444029099 18.601842880249023 340
1670444029292 18.887733459472656 341
1670444029486 18.546485900878906 341
1670444029685 18.689472198486328 342
1670444029879 18.40314483642578 342
1670444030068 18.901992797851562 343
1670444030260 18.326845169067383 343
1670444030455 19.266481399536133 344
1670444030649 19.302980422973633 344
1670444030844 18.9661922454834 345
