1670443655508 0.19169805943965912 0
1670443674851 0.19169805943965912 0
1670443690936 0.19169805943965912 0
1670443714155 0.19169805943965912 0
1670443740737 0.19330547749996185 0
1670443740906 0.18790245056152344 1
1670443741076 0.18777227401733398 1
1670443741243 0.18133074045181274 2
1670443741414 0.1794223040342331 2
1670443741585 0.17075562477111816 3
1670443741753 0.16989544034004211 3
1670443741923 0.16492870450019836 4
1670443742092 0.16164137423038483 4
1670443742259 0.15446458756923676 5
1670443742427 0.1515539586544037 5
1670443742597 0.14104658365249634 6
1670443742765 0.14467236399650574 6
1670443742933 0.1271403282880783 7
1670443743100 0.12911151349544525 7
1670443743268 0.1153494268655777 8
1670443743435 0.11713486164808273 8
1670443743602 0.09757600724697113 9
1670443743769 0.09972056746482849 9
1670443743937 0.09367503970861435 10
1670443744106 0.09488707035779953 10
1670443744275 0.09107433259487152 11
1670443744442 0.09156360477209091 11
1670443744608 0.09593241661787033 12
1670443744775 0.08519807457923889 12
1670443744941 0.09556949138641357 13
1670443745108 0.09815943241119385 13
1670443745275 0.09815888851881027 14
1670443745440 0.09672006219625473 14
1670443745607 0.09765957295894623 15
1670443745773 0.09341257810592651 15
1670443745939 0.0966554805636406 16
1670443746105 0.08889079093933105 16
1670443746271 0.09335221350193024 17
1670443746438 0.09215172380208969 17
1670443746605 0.09046429395675659 18
1670443746771 0.08940839022397995 18
1670443746937 0.09400460124015808 19
1670443747102 0.08992308378219604 19
1670443747269 0.08388613164424896 20
1670443747440 0.07964447140693665 20
1670443747608 0.08518800139427185 21
1670443747778 0.0860876590013504 21
1670443747945 0.08615007996559143 22
1670443748113 0.0844806432723999 22
1670443748280 0.08462867140769958 23
1670443748447 0.07912591099739075 23
1670443748615 0.0810476616024971 24
1670443748782 0.08102717995643616 24
1670443748951 0.08255518972873688 25
1670443749118 0.08257929980754852 25
1670443749286 0.08124236762523651 26
1670443749453 0.07934415340423584 26
1670443749620 0.08509169518947601 27
1670443749789 0.08421903848648071 27
1670443749956 0.07977496087551117 28
1670443750123 0.08325907588005066 28
1670443750290 0.0818413496017456 29
1670443750458 0.08172350376844406 29
1670443750625 0.078139528632164 30
1670443750796 0.07721537351608276 30
1670443750965 0.07658977806568146 31
1670443751133 0.07597672194242477 31
1670443751301 0.07620012760162354 32
1670443751468 0.07361923158168793 32
1670443751638 0.07473226636648178 33
1670443751805 0.07558993995189667 33
1670443751972 0.07455132901668549 34
1670443752141 0.08285877108573914 34
1670443752309 0.07870985567569733 35
1670443752477 0.0778614804148674 35
1670443752647 0.0759245976805687 36
1670443752814 0.07956324517726898 36
1670443752981 0.08229228109121323 37
1670443753150 0.07869824767112732 37
1670443753317 0.07652029395103455 38
1670443753485 0.07591357082128525 38
1670443753653 0.07811073958873749 39
1670443753821 0.07916760444641113 39
1670443753988 0.0755092054605484 40
1670443754159 0.0757489800453186 40
1670443754329 0.06831477582454681 41
1670443754496 0.08131039142608643 41
1670443754665 0.0721135139465332 42
1670443754834 0.07584856450557709 42
1670443755001 0.0732174962759018 43
1670443755169 0.07590615004301071 43
1670443755337 0.07938811182975769 44
1670443755506 0.07603618502616882 44
1670443755674 0.07326792925596237 45
1670443755842 0.0712311863899231 45
1670443756011 0.08000227808952332 46
1670443756179 0.07591607421636581 46
1670443756347 0.074650339782238 47
1670443756516 0.07175397127866745 47
1670443756683 0.08234366029500961 48
1670443756852 0.07875414192676544 48
1670443757023 0.0755283385515213 49
1670443757190 0.07873997837305069 49
1670443757358 0.06972166895866394 50
1670443757622 0.07167789340019226 50
1670443757791 0.07677973061800003 51
1670443757958 0.07613065093755722 51
1670443758127 0.07322272658348083 52
1670443758295 0.07817553728818893 52
1670443758463 0.0772746205329895 53
1670443758632 0.07534271478652954 53
1670443758800 0.07335950434207916 54
1670443758968 0.06798480451107025 54
1670443759138 0.07226737588644028 55
1670443759305 0.07474489510059357 55
1670443759472 0.0753011703491211 56
1670443759639 0.08171170204877853 56
1670443759807 0.0734570175409317 57
1670443759976 0.0717242956161499 57
1670443760144 0.06920672953128815 58
1670443760311 0.07429039478302002 58
1670443760480 0.07649499177932739 59
1670443760648 0.07260745018720627 59
1670443760816 0.06753924489021301 60
1670443760987 0.06995096802711487 60
1670443761157 0.07356486469507217 61
1670443761325 0.0663837194442749 61
1670443761494 0.07135382294654846 62
1670443761662 0.071097731590271 62
1670443761831 0.07648664712905884 63
1670443762001 0.07319517433643341 63
1670443762170 0.0725722461938858 64
1670443762339 0.06993040442466736 64
1670443762507 0.07111023366451263 65
1670443762677 0.06816281378269196 65
1670443762846 0.07520703971385956 66
1670443763017 0.06707204878330231 66
1670443763186 0.06995730102062225 67
1670443763354 0.07038923352956772 67
1670443763526 0.07228901237249374 68
1670443763694 0.06863421201705933 68
1670443763865 0.07140251994132996 69
1670443764034 0.07112197577953339 69
1670443764203 0.07078169286251068 70
1670443764375 0.07029584795236588 70
1670443764545 0.0679565817117691 71
1670443764713 0.07427836954593658 71
1670443764883 0.07167425006628036 72
1670443765052 0.07031631469726562 72
1670443765220 0.06759023666381836 73
1670443765390 0.07116816192865372 73
1670443765558 0.07199004292488098 74
1670443765728 0.07176298648118973 74
1670443765898 0.0642482191324234 75
1670443766068 0.07145696133375168 75
1670443766237 0.07282380759716034 76
1670443766405 0.06829297542572021 76
1670443766574 0.06670364737510681 77
1670443766742 0.07027497887611389 77
1670443766911 0.06521390378475189 78
1670443767078 0.06469294428825378 78
1670443767247 0.06547074764966965 79
1670443767416 0.06533199548721313 79
1670443767584 0.07069588452577591 80
1670443767756 0.06535129249095917 80
1670443767927 0.06618237495422363 81
1670443768096 0.06648269295692444 81
1670443768265 0.06450915336608887 82
1670443768435 0.06743350625038147 82
1670443768603 0.0655428022146225 83
1670443768772 0.07171013206243515 83
1670443768941 0.06550581008195877 84
1670443769110 0.06832245737314224 84
1670443769279 0.06303928792476654 85
1670443769447 0.06098514050245285 85
1670443769616 0.06387267261743546 86
1670443769785 0.0653843879699707 86
1670443769954 0.06272749602794647 87
1670443770123 0.06652393192052841 87
1670443770293 0.060384929180145264 88
1670443770460 0.059393078088760376 88
1670443770629 0.06581944227218628 89
1670443770797 0.06303325295448303 89
1670443770965 0.06544837355613708 90
1670443771135 0.05903872847557068 90
1670443771304 0.06315948069095612 91
1670443771472 0.05735344812273979 91
1670443771641 0.06122968718409538 92
1670443771809 0.05475262552499771 92
1670443771978 0.06415717303752899 93
1670443772146 0.061468612402677536 93
1670443772315 0.058811575174331665 94
1670443772484 0.06640060245990753 94
1670443772653 0.06094604358077049 95
1670443772822 0.061709802597761154 95
1670443772990 0.0612541139125824 96
1670443773159 0.0566677562892437 96
1670443773327 0.05546709895133972 97
1670443773496 0.06235837563872337 97
1670443773664 0.062369607388973236 98
1670443773832 0.06193495914340019 98
1670443774002 0.05768119543790817 99
1670443774169 0.06321089714765549 99
1670443774338 0.05800459906458855 100
1670443774629 0.0577826201915741 100
1670443774800 0.059186846017837524 101
1670443774970 0.059132419526576996 101
1670443775139 0.05741388723254204 102
1670443775308 0.05254778265953064 102
1670443775477 0.05229134485125542 103
1670443775645 0.054302215576171875 103
1670443775813 0.0553671196103096 104
1670443775982 0.05666516348719597 104
1670443776150 0.06179467961192131 105
1670443776320 0.053462058305740356 105
1670443776488 0.05803118273615837 106
1670443776656 0.05589407682418823 106
1670443776826 0.05303041636943817 107
1670443776994 0.05763433128595352 107
1670443777163 0.05149521678686142 108
1670443777332 0.053826697170734406 108
1670443777502 0.05557083338499069 109
1670443777671 0.05645906925201416 109
1670443777840 0.05221904441714287 110
1670443778009 0.05478961393237114 110
1670443778181 0.05089983344078064 111
1670443778350 0.05448643118143082 111
1670443778521 0.05641336366534233 112
1670443778691 0.05377545952796936 112
1670443778860 0.053735535591840744 113
1670443779028 0.05622750520706177 113
1670443779197 0.05124137923121452 114
1670443779366 0.05407620593905449 114
1670443779535 0.05228126794099808 115
1670443779704 0.05386868119239807 115
1670443779874 0.05243625491857529 116
1670443780044 0.05222518742084503 116
1670443780213 0.05562342703342438 117
1670443780383 0.04605257138609886 117
1670443780552 0.05064072832465172 118
1670443780720 0.05198807641863823 118
1670443780889 0.04862431436777115 119
1670443781057 0.05090057849884033 119
1670443781226 0.0502520315349102 120
1670443781400 0.050792694091796875 120
1670443781570 0.04934445768594742 121
1670443781739 0.048150401562452316 121
1670443781910 0.04435911774635315 122
1670443782078 0.04661396145820618 122
1670443782246 0.0428042970597744 123
1670443782416 0.03904500603675842 123
1670443782585 0.04050097241997719 124
1670443782756 0.041530873626470566 124
1670443782926 0.03781184181571007 125
1670443783094 0.043615397065877914 125
1670443783264 0.04171455651521683 126
1670443783434 0.03984199836850166 126
1670443783603 0.03724004328250885 127
1670443783772 0.03674991428852081 127
1670443783941 0.039362337440252304 128
1670443784110 0.038809146732091904 128
1670443784280 0.03684525191783905 129
1670443784448 0.03644910082221031 129
1670443784618 0.03496011719107628 130
1670443784791 0.03469781577587128 130
1670443784961 0.036865100264549255 131
1670443785132 0.03668101504445076 131
1670443785305 0.031459514051675797 132
1670443785474 0.03077234886586666 132
1670443785644 0.0337955504655838 133
1670443785814 0.032558973878622055 133
1670443785984 0.03313411772251129 134
1670443786153 0.030193259939551353 134
1670443786323 0.03185892477631569 135
1670443786494 0.03484124690294266 135
1670443786663 0.03301557898521423 136
1670443786832 0.03237883001565933 136
1670443787002 0.0336277112364769 137
1670443787171 0.033192042261362076 137
1670443787341 0.0294688381254673 138
1670443787510 0.028321512043476105 138
1670443787680 0.02991487830877304 139
1670443787848 0.030788671225309372 139
1670443788017 0.03161165863275528 140
1670443788187 0.02950414828956127 140
1670443788356 0.028577368706464767 141
1670443788526 0.031129835173487663 141
1670443788697 0.02835601568222046 142
1670443788868 0.028680279850959778 142
1670443789038 0.027732960879802704 143
1670443789206 0.02836759388446808 143
1670443789375 0.026495447382330894 144
1670443789545 0.028203483670949936 144
1670443789713 0.025618448853492737 145
1670443789882 0.026761671528220177 145
1670443790051 0.025685295462608337 146
1670443790220 0.029908135533332825 146
1670443790388 0.024790558964014053 147
1670443790558 0.027237020432949066 147
1670443790729 0.023266881704330444 148
1670443790898 0.025509685277938843 148
1670443791067 0.022411074489355087 149
1670443791236 0.024283302947878838 149
1670443791405 0.024412935599684715 150
1670443791666 0.02357630431652069 150
1670443791836 0.026354003697633743 151
1670443792006 0.022678416222333908 151
1670443792177 0.024024982005357742 152
1670443792346 0.021642234176397324 152
1670443792517 0.023457011207938194 153
1670443792686 0.025549281388521194 153
1670443792855 0.024361100047826767 154
1670443793025 0.02306419610977173 154
1670443793194 0.020655125379562378 155
1670443793363 0.02191811427474022 155
1670443793534 0.021557815372943878 156
1670443793703 0.020723704248666763 156
1670443793872 0.02321997843682766 157
1670443794041 0.0183238722383976 157
1670443794212 0.02149912714958191 158
1670443794381 0.02188689634203911 158
1670443794551 0.022366754710674286 159
1670443794720 0.02380090020596981 159
1670443794890 0.022459831088781357 160
1670443795062 0.02129463478922844 160
1670443795232 0.021079372614622116 161
1670443795402 0.02170822024345398 161
1670443795573 0.022701766341924667 162
1670443795743 0.020746616646647453 162
1670443795914 0.020686451345682144 163
1670443796087 0.02042749896645546 163
1670443796259 0.020568594336509705 164
1670443796428 0.01787564530968666 164
1670443796598 0.01935955509543419 165
1670443796767 0.01889718696475029 165
1670443796938 0.019389180466532707 166
1670443797106 0.020876428112387657 166
1670443797276 0.019189562648534775 167
1670443797447 0.01942765712738037 167
1670443797616 0.01855740323662758 168
1670443797785 0.020705215632915497 168
1670443797955 0.018812742084264755 169
1670443798125 0.018892943859100342 169
1670443798296 0.020604804158210754 170
1670443798468 0.01938626542687416 170
1670443798639 0.019641194492578506 171
1670443798808 0.019456755369901657 171
1670443798980 0.01846034824848175 172
1670443799150 0.0172345582395792 172
1670443799320 0.02011747658252716 173
1670443799490 0.0170358344912529 173
1670443799660 0.01924317702651024 174
1670443799831 0.020055830478668213 174
1670443800000 0.0193366389721632 175
1670443800170 0.017993105575442314 175
1670443800340 0.01803310215473175 176
1670443800509 0.01998540759086609 176
1670443800678 0.021771645173430443 177
1670443800848 0.018787963315844536 177
1670443801018 0.01664993353188038 178
1670443801188 0.018241694197058678 178
1670443801358 0.018894458189606667 179
1670443801527 0.01807931810617447 179
1670443801697 0.017295438796281815 180
1670443801870 0.017085641622543335 180
1670443802042 0.01778521202504635 181
1670443802213 0.015493601560592651 181
1670443802384 0.017804188653826714 182
1670443802554 0.017951685935258865 182
1670443802723 0.018458575010299683 183
1670443802893 0.019251767545938492 183
1670443803063 0.018130207434296608 184
1670443803234 0.01902419701218605 184
1670443803405 0.01642702892422676 185
1670443803578 0.017897268757224083 185
1670443803749 0.018071889877319336 186
1670443803919 0.01878570020198822 186
1670443850387 0.19169805943965912 0
1670443877137 0.19330547749996185 0
1670443877307 0.18790245056152344 1
1670443877478 0.18777227401733398 1
1670443877645 0.18133074045181274 2
1670443877815 0.1794223040342331 2
1670443877985 0.17075562477111816 3
1670443878154 0.16989544034004211 3
1670443878323 0.16492870450019836 4
1670443878491 0.16164137423038483 4
1670443878661 0.15446458756923676 5
1670443878830 0.1515539586544037 5
1670443879000 0.14104658365249634 6
1670443879168 0.14467236399650574 6
1670443879338 0.1271403282880783 7
1670443879507 0.12911151349544525 7
1670443879676 0.1153494268655777 8
1670443879844 0.11713486164808273 8
1670443880013 0.09757600724697113 9
1670443880181 0.09972056746482849 9
1670443880349 0.09367503970861435 10
1670443880520 0.09488707035779953 10
1670443880688 0.09107433259487152 11
1670443880855 0.09156360477209091 11
1670443881023 0.09593241661787033 12
1670443881191 0.08519807457923889 12
1670443881358 0.09556949138641357 13
1670443881526 0.09815943241119385 13
1670443881695 0.09815888851881027 14
1670443881863 0.09672006219625473 14
1670443882031 0.09765957295894623 15
1670443882199 0.09341257810592651 15
1670443882366 0.0966554805636406 16
1670443882533 0.08889079093933105 16
1670443882701 0.09335221350193024 17
1670443882869 0.09215172380208969 17
1670443883036 0.09046429395675659 18
1670443883204 0.08940839022397995 18
1670443883375 0.09400460124015808 19
1670443883542 0.08992308378219604 19
1670443883712 0.08388613164424896 20
1670443883884 0.07964447140693665 20
1670443884052 0.08518800139427185 21
1670443884220 0.0860876590013504 21
1670443884389 0.08615007996559143 22
1670443884557 0.0844806432723999 22
1670443884725 0.08462867140769958 23
1670443884893 0.07912591099739075 23
1670443885061 0.0810476616024971 24
1670443885230 0.08102717995643616 24
1670443885399 0.08255518972873688 25
1670443885568 0.08257929980754852 25
1670443885738 0.08124236762523651 26
1670443885907 0.07934415340423584 26
1670443886075 0.08509169518947601 27
1670443886243 0.08421903848648071 27
1670443886412 0.07977496087551117 28
1670443886580 0.08325907588005066 28
1670443886748 0.0818413496017456 29
1670443886916 0.08172350376844406 29
1670443887085 0.078139528632164 30
1670443887256 0.07721537351608276 30
1670443887426 0.07658977806568146 31
1670443887593 0.07597672194242477 31
1670443887767 0.07620012760162354 32
1670443887935 0.07361923158168793 32
1670443888104 0.07473226636648178 33
1670443888273 0.07558993995189667 33
1670443888441 0.07455132901668549 34
1670443888610 0.08285877108573914 34
1670443888779 0.07870985567569733 35
1670443888947 0.0778614804148674 35
1670443889116 0.0759245976805687 36
1670443889284 0.07956324517726898 36
1670443889453 0.08229228109121323 37
1670443889622 0.07869824767112732 37
1670443889791 0.07652029395103455 38
1670443889961 0.07591357082128525 38
1670443890131 0.07811073958873749 39
1670443890299 0.07916760444641113 39
1670443890468 0.0755092054605484 40
1670443890640 0.0757489800453186 40
1670443890807 0.06831477582454681 41
1670443890978 0.08131039142608643 41
1670443891146 0.0721135139465332 42
1670443891315 0.07584856450557709 42
1670443891483 0.0732174962759018 43
1670443891652 0.07590615004301071 43
1670443891821 0.07938811182975769 44
1670443891991 0.07603618502616882 44
1670443892161 0.07326792925596237 45
1670443892331 0.0712311863899231 45
1670443892501 0.08000227808952332 46
1670443892671 0.07591607421636581 46
1670443892840 0.074650339782238 47
1670443893009 0.07175397127866745 47
1670443893178 0.08234366029500961 48
1670443893347 0.07875414192676544 48
1670443893516 0.0755283385515213 49
1670443893685 0.07873997837305069 49
1670443893856 0.06972166895866394 50
1670443894121 0.07167789340019226 50
1670443894292 0.07677973061800003 51
1670443894462 0.07613065093755722 51
1670443894633 0.07322272658348083 52
1670443894802 0.07817553728818893 52
1670443894971 0.0772746205329895 53
1670443895141 0.07534271478652954 53
1670443895311 0.07335950434207916 54
1670443895480 0.06798480451107025 54
1670443895650 0.07226737588644028 55
1670443895819 0.07474489510059357 55
1670443895990 0.0753011703491211 56
1670443896159 0.08171170204877853 56
1670443896331 0.0734570175409317 57
1670443896500 0.0717242956161499 57
1670443896672 0.06920672953128815 58
1670443896842 0.07429039478302002 58
1670443897011 0.07649499177932739 59
1670443897180 0.07260745018720627 59
1670443897350 0.06753924489021301 60
1670443897522 0.06995096802711487 60
1670443897694 0.07356486469507217 61
1670443897863 0.0663837194442749 61
1670443898033 0.07135382294654846 62
1670443898205 0.071097731590271 62
1670443898376 0.07648664712905884 63
1670443898546 0.07319517433643341 63
1670443898715 0.0725722461938858 64
1670443898890 0.06993040442466736 64
1670443899060 0.07111023366451263 65
1670443899229 0.06816281378269196 65
1670443899399 0.07520703971385956 66
1670443899567 0.06707204878330231 66
1670443899738 0.06995730102062225 67
1670443899906 0.07038923352956772 67
1670443900075 0.07228901237249374 68
1670443900245 0.06863421201705933 68
1670443900415 0.07140251994132996 69
1670443900585 0.07112197577953339 69
1670443900754 0.07078169286251068 70
1670443900927 0.07029584795236588 70
1670443901100 0.0679565817117691 71
1670443901271 0.07427836954593658 71
1670443901441 0.07167425006628036 72
1670443901611 0.07031631469726562 72
1670443901781 0.06759023666381836 73
1670443901950 0.07116816192865372 73
1670443902120 0.07199004292488098 74
1670443902290 0.07176298648118973 74
1670443902459 0.0642482191324234 75
1670443902629 0.07145696133375168 75
1670443902798 0.07282380759716034 76
1670443902967 0.06829297542572021 76
1670443903137 0.06670364737510681 77
1670443903306 0.07027497887611389 77
1670443903476 0.06521390378475189 78
1670443903647 0.06469294428825378 78
1670443903816 0.06547074764966965 79
1670443903985 0.06533199548721313 79
1670443904154 0.07069588452577591 80
1670443904323 0.06535129249095917 80
1670443904493 0.06618237495422363 81
1670443904663 0.06648269295692444 81
1670443904833 0.06450915336608887 82
1670443905002 0.06743350625038147 82
1670443905172 0.0655428022146225 83
1670443905341 0.07171013206243515 83
1670443905511 0.06550581008195877 84
1670443905681 0.06832245737314224 84
1670443905852 0.06303928792476654 85
1670443906023 0.06098514050245285 85
1670443906192 0.06387267261743546 86
1670443906362 0.0653843879699707 86
1670443906531 0.06272749602794647 87
1670443906701 0.06652393192052841 87
1670443906870 0.060384929180145264 88
1670443907042 0.059393078088760376 88
1670443907212 0.06581944227218628 89
1670443907382 0.06303325295448303 89
1670443907552 0.06544837355613708 90
1670443907723 0.05903872847557068 90
1670443907894 0.06315948069095612 91
1670443908063 0.05735344812273979 91
1670443908233 0.06122968718409538 92
1670443908404 0.05475262552499771 92
1670443908574 0.06415717303752899 93
1670443908743 0.061468612402677536 93
1670443908912 0.058811575174331665 94
1670443909082 0.06640060245990753 94
1670443909251 0.06094604358077049 95
1670443909420 0.061709802597761154 95
1670443909592 0.0612541139125824 96
1670443909762 0.0566677562892437 96
1670443909930 0.05546709895133972 97
1670443910100 0.06235837563872337 97
1670443910269 0.062369607388973236 98
1670443910438 0.06193495914340019 98
1670443910611 0.05768119543790817 99
1670443910780 0.06321089714765549 99
1670443910950 0.05800459906458855 100
1670443911245 0.0577826201915741 100
1670443911416 0.059186846017837524 101
1670443911586 0.059132419526576996 101
1670443911757 0.05741388723254204 102
1670443911927 0.05254778265953064 102
1670443912095 0.05229134485125542 103
1670443912264 0.054302215576171875 103
1670443912434 0.0553671196103096 104
1670443912604 0.05666516348719597 104
1670443912774 0.06179467961192131 105
1670443912943 0.053462058305740356 105
1670443913112 0.05803118273615837 106
1670443913283 0.05589407682418823 106
1670443913453 0.05303041636943817 107
1670443913623 0.05763433128595352 107
1670443913793 0.05149521678686142 108
1670443913962 0.053826697170734406 108
1670443914131 0.05557083338499069 109
1670443914299 0.05645906925201416 109
1670443914469 0.05221904441714287 110
1670443914642 0.05478961393237114 110
1670443914813 0.05089983344078064 111
1670443914983 0.05448643118143082 111
1670443915153 0.05641336366534233 112
1670443915322 0.05377545952796936 112
1670443915493 0.053735535591840744 113
1670443915662 0.05622750520706177 113
1670443915831 0.05124137923121452 114
1670443916000 0.05407620593905449 114
1670443916169 0.05228126794099808 115
1670443916339 0.05386868119239807 115
1670443916508 0.05243625491857529 116
1670443916677 0.05222518742084503 116
1670443916847 0.05562342703342438 117
1670443917016 0.04605257138609886 117
1670443917186 0.05064072832465172 118
1670443917354 0.05198807641863823 118
1670443917524 0.04862431436777115 119
1670443917694 0.05090057849884033 119
1670443917862 0.0502520315349102 120
1670443918034 0.050792694091796875 120
1670443918205 0.04934445768594742 121
1670443918375 0.048150401562452316 121
1670443918546 0.04435911774635315 122
1670443918716 0.04661396145820618 122
1670443918885 0.0428042970597744 123
1670443919056 0.03904500603675842 123
1670443919226 0.04050097241997719 124
1670443919396 0.041530873626470566 124
1670443919565 0.03781184181571007 125
1670443919735 0.043615397065877914 125
1670443919905 0.04171455651521683 126
1670443920075 0.03984199836850166 126
1670443920244 0.03724004328250885 127
1670443920415 0.03674991428852081 127
1670443920586 0.039362337440252304 128
1670443920756 0.038809146732091904 128
1670443920929 0.03684525191783905 129
1670443921099 0.03644910082221031 129
1670443921270 0.03496011719107628 130
1670443921442 0.03469781577587128 130
1670443921617 0.036865100264549255 131
1670443921788 0.03668101504445076 131
1670443921963 0.031459514051675797 132
1670443922133 0.03077234886586666 132
1670443922309 0.0337955504655838 133
1670443922481 0.032558973878622055 133
1670443922656 0.03313411772251129 134
1670443922828 0.030193259939551353 134
1670443923002 0.03185892477631569 135
1670443923184 0.03484124690294266 135
1670443923355 0.03301557898521423 136
1670443923528 0.03237883001565933 136
1670443923703 0.0336277112364769 137
1670443923876 0.033192042261362076 137
1670443924053 0.0294688381254673 138
1670443924225 0.028321512043476105 138
1670443924401 0.02991487830877304 139
1670443924579 0.030788671225309372 139
1670443924757 0.03161165863275528 140
1670443924933 0.02950414828956127 140
1670443925110 0.028577368706464767 141
1670443925287 0.031129835173487663 141
1670443925463 0.02835601568222046 142
1670443925639 0.028680279850959778 142
1670443925816 0.027732960879802704 143
1670443925991 0.02836759388446808 143
1670443926168 0.026495447382330894 144
1670443926346 0.028203483670949936 144
1670443926525 0.025618448853492737 145
1670443926699 0.026761671528220177 145
1670443926879 0.025685295462608337 146
1670443927056 0.029908135533332825 146
1670443927237 0.024790558964014053 147
1670443927416 0.027237020432949066 147
1670443927588 0.023266881704330444 148
1670443927764 0.025509685277938843 148
1670443927941 0.022411074489355087 149
1670443928117 0.024283302947878838 149
1670443928293 0.024412935599684715 150
1670443928572 0.02357630431652069 150
1670443928746 0.026354003697633743 151
1670443928924 0.022678416222333908 151
1670443929104 0.024024982005357742 152
1670443929279 0.021642234176397324 152
1670443929454 0.023457011207938194 153
1670443929628 0.025549281388521194 153
1670443929805 0.024361100047826767 154
1670443929981 0.02306419610977173 154
1670443930156 0.020655125379562378 155
1670443930334 0.02191811427474022 155
1670443930512 0.021557815372943878 156
1670443930683 0.020723704248666763 156
1670443930861 0.02321997843682766 157
1670443931039 0.0183238722383976 157
1670443931215 0.02149912714958191 158
1670443931390 0.02188689634203911 158
1670443931569 0.022366754710674286 159
1670443931745 0.02380090020596981 159
1670443931918 0.022459831088781357 160
1670443932092 0.02129463478922844 160
1670443932271 0.021079372614622116 161
1670443932446 0.02170822024345398 161
1670443932625 0.022701766341924667 162
1670443932803 0.020746616646647453 162
1670443932980 0.020686451345682144 163
1670443933159 0.02042749896645546 163
1670443933331 0.020568594336509705 164
1670443933507 0.01787564530968666 164
1670443933682 0.01935955509543419 165
1670443933859 0.01889718696475029 165
1670443934037 0.019389180466532707 166
1670443934214 0.020876428112387657 166
1670443934387 0.019189562648534775 167
1670443934563 0.01942765712738037 167
1670443934741 0.01855740323662758 168
1670443934916 0.020705215632915497 168
1670443935090 0.018812742084264755 169
1670443935268 0.018892943859100342 169
1670443935442 0.020604804158210754 170
1670443935620 0.01938626542687416 170
1670443935794 0.019641194492578506 171
1670443935972 0.019456755369901657 171
1670443936149 0.01846034824848175 172
1670443936329 0.0172345582395792 172
1670443936507 0.02011747658252716 173
1670443936679 0.0170358344912529 173
1670443936852 0.01924317702651024 174
1670443937023 0.020055830478668213 174
1670443937202 0.0193366389721632 175
1670443937377 0.017993105575442314 175
1670443937551 0.01803310215473175 176
1670443937724 0.01998540759086609 176
1670443937896 0.021771645173430443 177
1670443938069 0.018787963315844536 177
1670443938242 0.01664993353188038 178
1670443938413 0.018241694197058678 178
1670443938587 0.018894458189606667 179
1670443938762 0.01807931810617447 179
1670443938935 0.017295438796281815 180
1670443939108 0.017085641622543335 180
1670443939290 0.01778521202504635 181
1670443939462 0.015493601560592651 181
1670443939638 0.017804188653826714 182
1670443939815 0.017951685935258865 182
1670443939991 0.018458575010299683 183
1670443940167 0.019251767545938492 183
1670443940343 0.018130207434296608 184
1670443940518 0.01902419701218605 184
1670443940691 0.01642702892422676 185
1670443940867 0.017897268757224083 185
1670443941045 0.018071889877319336 186
1670443941221 0.01878570020198822 186
1670443941400 0.018450705334544182 187
1670443941577 0.01787499524652958 187
1670443941750 0.01844772696495056 188
1670443941922 0.016799338161945343 188
1670443942099 0.017534326761960983 189
1670443942275 0.016680918633937836 189
1670443942446 0.01534209679812193 190
1670443942623 0.015623506158590317 190
1670443942802 0.01752612367272377 191
1670443942980 0.018987378105521202 191
1670443943155 0.01897505298256874 192
1670443943331 0.017664123326539993 192
1670443943510 0.017146935686469078 193
1670443943683 0.018080271780490875 193
1670443943856 0.018222711980342865 194
1670443944037 0.016396233811974525 194
1670443944210 0.016204018145799637 195
1670443944381 0.017116060480475426 195
1670443944557 0.017478879541158676 196
1670443944733 0.017153918743133545 196
1670443944910 0.01644308678805828 197
1670443945083 0.01678946614265442 197
1670443945264 0.015569167211651802 198
1670443945436 0.015331612899899483 198
1670443945610 0.017775949090719223 199
1670443945783 0.014962617307901382 199
1670443945959 0.01719605177640915 200
1670443946262 0.01626921258866787 200
1670443946435 0.01832430623471737 201
1670443946614 0.01815035194158554 201
1670443946787 0.015835905447602272 202
1670443946960 0.016047032549977303 202
1670443947134 0.016450095921754837 203
1670443947308 0.015239323489367962 203
1670443947481 0.01721987873315811 204
1670443947659 0.016177402809262276 204
1670443947833 0.016452772542834282 205
1670443948009 0.01720285788178444 205
1670443948187 0.016932498663663864 206
1670443948364 0.018103385344147682 206
1670443948539 0.01731225848197937 207
1670443948716 0.01719442568719387 207
1670443948896 0.01650206558406353 208
1670443949075 0.01423077192157507 208
1670443949252 0.016482414677739143 209
1670443949431 0.016770722344517708 209
1670443949614 0.015307962894439697 210
1670443949796 0.015923956409096718 210
1670443949978 0.014364644885063171 211
1670443950162 0.01636233739554882 211
1670443950345 0.013661067001521587 212
1670443950527 0.013458248227834702 212
1670443950709 0.01624124124646187 213
1670443950895 0.016200101003050804 213
1670443951082 0.014177876524627209 214
1670443951270 0.013796783983707428 214
1670443951455 0.014956606552004814 215
1670443951639 0.016362346708774567 215
1670443951824 0.017352459952235222 216
1670443952015 0.013368433341383934 216
1670443952204 0.014990769326686859 217
1670443952393 0.014366782270371914 217
1670443952587 0.01739826798439026 218
1670443952778 0.016699697822332382 218
1670443952971 0.014654740691184998 219
1670443953163 0.016315218061208725 219
1670443953358 0.014190083369612694 220
1670443953547 0.016349272802472115 220
1670443953740 0.014269336126744747 221
1670443953931 0.017192598432302475 221
1670443954125 0.01447791513055563 222
1670443954318 0.014731017872691154 222
1670443954516 0.014794116839766502 223
1670443954712 0.015540903434157372 223
1670443954904 0.01517701055854559 224
1670443955091 0.016723578795790672 224
1670443955287 0.016002107411623 225
1670443955477 0.014176856726408005 225
1670443955665 0.015475134365260601 226
1670443955862 0.01561959832906723 226
1670443956061 0.015202147886157036 227
1670443956248 0.01855342648923397 227
1670443956438 0.015229113399982452 228
1670443956624 0.01669354923069477 228
1670443956819 0.015708275139331818 229
1670443957009 0.01410113088786602 229
1670443957197 0.01495139580219984 230
1670443957382 0.013403398916125298 230
1670443957569 0.017473377287387848 231
1670443957751 0.015841025859117508 231
1670443957931 0.01472103875130415 232
1670443958113 0.0140653345733881 232
1670443958306 0.013496722094714642 233
1670443958490 0.014193165116012096 233
1670443958676 0.016322031617164612 234
1670443958858 0.014948276802897453 234
1670443959041 0.01753423921763897 235
1670443959223 0.015905436128377914 235
1670443959405 0.013885709457099438 236
1670443959587 0.01767515018582344 236
1670443959770 0.013753454200923443 237
1670443959957 0.014672532677650452 237
1670443960142 0.014775204472243786 238
1670443960331 0.015242214314639568 238
1670443960514 0.015108044259250164 239
1670443960697 0.014698933809995651 239
1670443960882 0.015649445354938507 240
1670443961068 0.016894517466425896 240
1670443961259 0.014821249060332775 241
1670443961442 0.014564517885446548 241
1670443961627 0.015707112848758698 242
1670443961810 0.01599963568150997 242
1670443962005 0.014609790407121181 243
1670443962187 0.01389121264219284 243
1670443962371 0.013155285269021988 244
1670443962557 0.013310646638274193 244
1670443962741 0.01572621427476406 245
1670443962923 0.015164762735366821 245
1670443963107 0.015156855806708336 246
1670443963291 0.014258455485105515 246
1670443963475 0.015749037265777588 247
1670443963660 0.014512686058878899 247
1670443963842 0.014142477884888649 248
1670443964026 0.016294825822114944 248
1670443964211 0.012869211845099926 249
1670443964398 0.015957795083522797 249
1670443964585 0.014400146901607513 250
1670443994177 0.014168666675686836 250
1670443994361 0.014201857149600983 251
1670443994542 0.01252185832709074 251
1670443994728 0.01480739377439022 252
1670443994916 0.013533356599509716 252
1670443995106 0.015057596378028393 253
1670443995295 0.013998448848724365 253
1670443995487 0.015971442684531212 254
1670443995681 0.013900596648454666 254
1670443995876 0.014595242217183113 255
1670443996067 0.013867328874766827 255
1670443996260 0.015118090435862541 256
1670443996451 0.015387637540698051 256
1670443996645 0.015226993709802628 257
1670443996837 0.013947850093245506 257
1670443997030 0.015123549848794937 258
1670443997218 0.01697850227355957 258
1670443997412 0.014472419396042824 259
1670443997602 0.014328527264297009 259
1670443997795 0.014074504375457764 260
1670443997994 0.015184333547949791 260
1670443998187 0.015357738360762596 261
1670443998381 0.013346457853913307 261
1670443998573 0.015618870966136456 262
1670443998766 0.0151757150888443 262
1670443998958 0.014620567671954632 263
1670443999152 0.01564709097146988 263
1670443999342 0.013638479635119438 264
1670443999533 0.014897073619067669 264
1670443999730 0.014106735587120056 265
1670443999921 0.013029883615672588 265
1670444000119 0.013408832252025604 266
1670444000311 0.012456787750124931 266
1670444000504 0.013407982885837555 267
1670444000695 0.014474393799901009 267
1670444000889 0.013063376769423485 268
1670444001083 0.013937084004282951 268
1670444001278 0.014416567981243134 269
1670444001471 0.013921516947448254 269
1670444001661 0.01567099057137966 270
1670444001856 0.012749890796840191 270
1670444002048 0.01367405615746975 271
1670444002241 0.016115669161081314 271
1670444002432 0.013572052121162415 272
1670444002625 0.01385706290602684 272
1670444002819 0.01569453999400139 273
1670444003010 0.01378701813519001 273
1670444003202 0.013974135741591454 274
1670444003397 0.01606180891394615 274
1670444003590 0.012518862262368202 275
1670444003783 0.014357025735080242 275
1670444003975 0.014854276552796364 276
1670444004168 0.01483902707695961 276
1670444004361 0.015430866740643978 277
1670444004554 0.014053018763661385 277
1670444004748 0.013706433586776257 278
1670444004941 0.014048613607883453 278
1670444005135 0.014144472777843475 279
1670444005329 0.012950594536960125 279
1670444005519 0.012943352572619915 280
1670444005715 0.011576032266020775 280
1670444005904 0.014251630753278732 281
1670444006093 0.012953034602105618 281
1670444006289 0.015059499070048332 282
1670444006485 0.013099731877446175 282
1670444006680 0.01350112073123455 283
1670444006875 0.01363291498273611 283
1670444007068 0.01407690905034542 284
1670444007262 0.015363323502242565 284
1670444007456 0.014874827116727829 285
1670444007649 0.012912302277982235 285
1670444007843 0.01345856674015522 286
1670444008036 0.013105733320116997 286
1670444008227 0.015206980518996716 287
1670444008420 0.014428060501813889 287
1670444008614 0.01371910609304905 288
1670444008804 0.01407129131257534 288
1670444008998 0.012325878255069256 289
1670444009190 0.013273405842483044 289
1670444009386 0.013050884008407593 290
1670444009579 0.013684163801372051 290
1670444009774 0.013182131573557854 291
1670444009967 0.013462677597999573 291
1670444010162 0.013144617900252342 292
1670444010356 0.013011696748435497 292
1670444010548 0.013738811016082764 293
1670444010741 0.01663103513419628 293
1670444010936 0.011941321194171906 294
1670444011125 0.012733787298202515 294
1670444011319 0.014483347535133362 295
1670444011513 0.014862040057778358 295
1670444011704 0.013130836188793182 296
1670444011899 0.013854511082172394 296
1670444012093 0.013659092597663403 297
1670444012283 0.013418532907962799 297
1670444012479 0.013308793306350708 298
1670444012668 0.013178705237805843 298
1670444012861 0.014601494185626507 299
1670444013056 0.014863046817481518 299
1670444013251 0.013363226316869259 300
1670444013582 0.013335148803889751 300
1670444013776 0.012768877670168877 301
1670444013969 0.012892406433820724 301
1670444014163 0.013182176277041435 302
1670444014357 0.012951554730534554 302
1670444014550 0.014060459099709988 303
1670444014742 0.013677965849637985 303
1670444014934 0.010989880189299583 304
1670444015129 0.013361419551074505 304
1670444015322 0.014288201928138733 305
1670444015517 0.01243186742067337 305
1670444015710 0.01315926294773817 306
1670444015905 0.013352332636713982 306
1670444016102 0.01334158331155777 307
1670444016295 0.012820368632674217 307
1670444016492 0.012514482252299786 308
1670444016682 0.011376762762665749 308
1670444016876 0.01305987685918808 309
1670444017068 0.013319108635187149 309
1670444017264 0.013179291039705276 310
1670444017459 0.012816004455089569 310
1670444017653 0.01332821510732174 311
1670444017850 0.014080180786550045 311
1670444018042 0.015045899897813797 312
1670444018237 0.013904828578233719 312
1670444018429 0.012807957828044891 313
1670444018623 0.014669048599898815 313
1670444018816 0.014275848865509033 314
1670444019011 0.012343118898570538 314
1670444019203 0.014602641575038433 315
1670444019397 0.012955041602253914 315
1670444019591 0.01395049225538969 316
1670444019786 0.013332461938261986 316
1670444019981 0.013692602515220642 317
1670444020176 0.01322120986878872 317
1670444020366 0.013983499258756638 318
1670444020560 0.0146024189889431 318
1670444020753 0.013076233677566051 319
1670444020948 0.013546496629714966 319
1670444021142 0.013557340018451214 320
1670444021342 0.012757418677210808 320
1670444021536 0.01265048235654831 321
1670444021729 0.013133328408002853 321
1670444021924 0.016553517431020737 322
1670444022119 0.01453554630279541 322
1670444022308 0.012673750519752502 323
1670444022503 0.01227381732314825 323
1670444022698 0.012862569652497768 324
1670444022893 0.013602260500192642 324
1670444023088 0.013305110856890678 325
1670444023279 0.013000037521123886 325
1670444023474 0.014840717427432537 326
1670444023667 0.013520417734980583 326
1670444023862 0.012422854080796242 327
1670444024054 0.0140455961227417 327
1670444024249 0.01528768427670002 328
1670444024443 0.014742814004421234 328
1670444024639 0.012483237311244011 329
1670444024833 0.013254217803478241 329
1670444025027 0.013531753793358803 330
1670444025224 0.013751305639743805 330
1670444025418 0.013284241780638695 331
1670444025612 0.012569902464747429 331
1670444025806 0.013939271681010723 332
1670444026000 0.013800568878650665 332
1670444026191 0.012656109407544136 333
1670444026386 0.013646131381392479 333
1670444026580 0.0144414147362113 334
1670444026771 0.013281969353556633 334
1670444026966 0.014017950743436813 335
1670444027160 0.014153575524687767 335
1670444027354 0.013436295092105865 336
1670444027550 0.014601095579564571 336
1670444027743 0.012751881033182144 337
1670444027937 0.014328445307910442 337
1670444028131 0.013954633846879005 338
1670444028322 0.01232298742979765 338
1670444028517 0.011987097561359406 339
1670444028711 0.012747935950756073 339
1670444028905 0.013677215203642845 340
1670444029099 0.013797987252473831 340
1670444029292 0.012918932363390923 341
1670444029486 0.013974985107779503 341
1670444029685 0.013522366993129253 342
1670444029879 0.014443926513195038 342
1670444030068 0.012876579537987709 343
1670444030260 0.014699937775731087 343
1670444030455 0.011840008199214935 344
1670444030649 0.011740914545953274 344
1670444030844 0.012687637470662594 345
