1670223033147 7.185064315795898 0
1670223047390 7.335230827331543 0
1670223047592 7.563045024871826 0
1670223047793 7.670210361480713 0
1670223047993 7.866622447967529 0
1670223048192 8.043943405151367 0
1670223048392 8.468460083007812 0
1670223048592 8.877118110656738 0
1670223048790 9.377623558044434 0
1670223048989 10.00243854522705 0
1670223049187 10.309638977050781 0
1670223049385 10.75705337524414 0
1670223049583 10.503213882446289 0
1670223049780 10.327180862426758 0
1670223049977 10.005950927734375 0
1670223050173 10.361017227172852 0
1670223050370 10.347216606140137 0
1670223050566 10.469622611999512 0
1670223050764 10.675399780273438 0
1670223050961 10.550164222717285 0
1670223051159 10.679521560668945 0
1670223051357 10.835256576538086 0
1670223051555 10.834023475646973 0
1670223051752 10.660462379455566 0
1670223051950 10.877250671386719 0
1670223052147 10.709965705871582 0
1670223052345 10.777609825134277 0
1670223052542 10.804069519042969 0
1670223052740 11.154939651489258 0
1670223052937 10.9469575881958 0
1670223053135 11.005785942077637 0
1670223053333 11.255741119384766 0
1670223053532 10.931809425354004 0
1670223053730 10.92939567565918 0
1670223053928 10.904847145080566 0
1670223054126 11.137818336486816 0
1670223054325 11.086499214172363 0
1670223054524 10.932538032531738 0
1670223054723 11.035738945007324 0
1670223054921 11.053681373596191 0
1670223055120 11.17121696472168 0
1670223055320 11.151304244995117 0
1670223055521 11.175812721252441 0
1670223055720 11.113030433654785 0
1670223055918 11.152200698852539 0
1670223056117 11.079488754272461 0
1670223056315 11.092034339904785 0
1670223056515 11.285072326660156 0
1670223056713 11.115962982177734 0
1670223056913 11.185916900634766 0
1670223057113 11.16943359375 0
1670223057313 11.04111385345459 0
1670223057515 11.37930965423584 0
1670223057715 11.245736122131348 0
1670223057913 11.364678382873535 0
1670223058112 11.02545166015625 0
1670223058311 11.634888648986816 0
1670223058510 11.544962882995605 0
1670223058708 11.44189167022705 0
1670223058906 11.69975471496582 0
1670223059105 11.430619239807129 0
1670223059305 11.40111255645752 0
1670223059506 11.415806770324707 0
1670223059706 11.369327545166016 0
1670223059905 11.70481014251709 0
1670223060104 11.430215835571289 0
1670223060303 11.43862247467041 0
1670223060503 11.33873462677002 0
1670223060702 11.406683921813965 0
1670223060901 11.3663330078125 0
1670223061099 11.244799613952637 0
1670223061299 11.712026596069336 0
1670223061497 11.620123863220215 0
1670223061696 11.53822135925293 0
1670223061895 11.889066696166992 0
1670223062093 11.533750534057617 0
1670223062292 11.70286750793457 0
1670223062491 12.117596626281738 0
1670223062689 11.806824684143066 0
1670223062888 11.741225242614746 0
1670223063086 11.917271614074707 0
1670223063285 12.016146659851074 0
1670223063484 11.934551239013672 0
1670223063682 12.133581161499023 0
1670223063880 11.872193336486816 0
1670223064077 11.75266170501709 0
1670223064275 12.25081729888916 0
1670223064473 12.102019309997559 0
1670223064671 12.188055038452148 0
1670223064869 12.10060977935791 0
1670223065068 12.05701732635498 0
1670223065265 12.28030776977539 0
1670223065463 12.255066871643066 0
1670223065662 12.192660331726074 0
1670223065860 12.176412582397461 0
1670223066057 12.35484790802002 0
1670223066255 12.41401481628418 0
1670223066453 12.607091903686523 0
1670223066651 12.51130199432373 0
1670223066849 12.264151573181152 0
1670223067049 12.540675163269043 0
1670223067393 12.547114372253418 0
1670223067592 12.659114837646484 0
1670223067790 12.700444221496582 0
1670223067988 12.700329780578613 0
1670223068187 12.615635871887207 0
1670223068385 12.752347946166992 0
1670223068582 12.837851524353027 0
1670223068781 12.787796974182129 0
1670223068979 12.93639087677002 0
1670223069177 12.986495971679688 0
1670223069375 12.937032699584961 0
1670223069573 12.97939682006836 0
1670223069771 13.146012306213379 0
1670223069969 13.161023139953613 0
1670223070166 13.522096633911133 0
1670223070365 13.513595581054688 0
1670223070562 13.783358573913574 0
1670223070760 13.523104667663574 0
1670223070958 14.174135208129883 0
1670223071156 14.245559692382812 0
1670223071355 14.24113941192627 0
1670223071555 13.895752906799316 0
1670223071753 14.265512466430664 0
1670223071951 14.644821166992188 0
1670223072149 14.570302963256836 0
1670223072346 14.583864212036133 0
1670223072544 14.885775566101074 0
1670223072742 14.631119728088379 0
1670223072940 15.085293769836426 0
1670223073138 14.830731391906738 0
1670223073336 14.772395133972168 0
1670223073534 14.806410789489746 0
1670223073733 15.000732421875 0
1670223073930 15.244625091552734 0
1670223074128 15.351030349731445 0
1670223074326 15.443613052368164 0
1670223074524 16.14520263671875 0
1670223074721 15.64194393157959 0
1670223074919 15.528762817382812 0
1670223075117 15.875494003295898 0
1670223075317 15.997056007385254 0
1670223075520 16.226839065551758 0
1670223075719 16.2221736907959 0
1670223075917 15.376289367675781 0
1670223076115 15.337447166442871 0
1670223076313 16.09552574157715 0
1670223076512 16.39497947692871 0
1670223076711 16.12203025817871 0
1670223076909 16.486486434936523 0
1670223077108 16.438491821289062 0
1670223077306 16.77256965637207 0
1670223077504 16.54140281677246 0
1670223077702 17.058757781982422 0
1670223077901 16.474090576171875 0
1670223078100 16.477088928222656 0
1670223078298 17.08991241455078 0
1670223078496 16.858383178710938 0
1670223078694 16.994789123535156 0
1670223078892 17.062702178955078 0
1670223079091 16.950477600097656 0
1670223079292 17.248912811279297 0
1670223079491 17.07248878479004 0
1670223079690 17.187360763549805 0
1670223079888 17.136011123657227 0
1670223080086 17.015241622924805 0
1670223080285 17.00969696044922 0
1670223080482 17.048721313476562 0
1670223080682 17.121854782104492 0
1670223080882 17.206796646118164 0
1670223081081 16.867919921875 0
1670223081280 17.213529586791992 0
1670223081478 16.83060646057129 0
1670223081675 17.167036056518555 0
1670223081873 16.934141159057617 0
1670223082072 17.297792434692383 0
1670223082270 17.078170776367188 0
1670223082469 17.034088134765625 0
1670223082667 17.3222599029541 0
1670223082865 16.839609146118164 0
1670223083063 17.417434692382812 0
1670223083264 17.223337173461914 0
1670223083465 17.43229866027832 0
1670223083664 16.959026336669922 0
1670223083863 17.463783264160156 0
1670223084061 17.22087860107422 0
1670223084259 17.312028884887695 0
1670223084458 17.64943504333496 0
1670223084656 17.797443389892578 0
1670223084854 17.366455078125 0
1670223085053 17.633445739746094 0
1670223085252 17.726184844970703 0
1670223085450 17.84682846069336 0
1670223085648 17.70001983642578 0
1670223085846 17.731813430786133 0
1670223086045 17.51675033569336 0
1670223086243 17.394466400146484 0
1670223086441 17.896089553833008 0
1670223086640 17.684371948242188 0
1670223086838 17.85025405883789 0
1670223087036 17.681209564208984 0
1670223087383 17.641254425048828 0
1670223087581 17.606658935546875 0
1670223087779 17.64543914794922 0
1670223087978 18.020479202270508 0
1670223088177 18.20848846435547 0
1670223088376 17.775266647338867 0
1670223088574 17.667951583862305 0
1670223088773 17.794864654541016 0
1670223088972 18.087642669677734 0
1670223089171 17.855012893676758 0
1670223089370 17.33835792541504 0
1670223089568 18.07855224609375 0
1670223089767 17.809059143066406 0
1670223089965 17.821332931518555 0
1670223090164 17.866212844848633 0
1670223090363 17.878002166748047 0
1670223090563 17.899015426635742 0
1670223090762 18.15590476989746 0
1670223090961 18.113889694213867 0
1670223091159 18.1632022857666 0
1670223091359 17.977489471435547 0
1670223091558 18.010587692260742 0
1670223091757 18.30784034729004 0
1670223091956 17.86627769470215 0
1670223092155 18.001371383666992 0
1670223092353 17.86971664428711 0
1670223092552 18.106725692749023 0
1670223092752 18.297739028930664 0
1670223092952 17.955791473388672 0
1670223093152 18.10390853881836 0
1670223093352 17.791440963745117 0
1670223093551 17.96831512451172 0
1670223093749 17.78499984741211 0
1670223093948 17.981521606445312 0
1670223094147 17.94890594482422 0
1670223094346 18.308988571166992 0
1670223094545 18.51119613647461 0
1670223094743 17.981769561767578 0
1670223094943 17.902420043945312 0
1670223095144 18.177297592163086 0
1670223095346 18.275672912597656 0
1670223095548 17.725940704345703 0
1670223095747 17.921024322509766 0
1670223095946 18.247461318969727 0
1670223096146 18.49120330810547 0
1670223096345 18.282438278198242 0
1670223096544 18.451519012451172 0
1670223096748 18.02205467224121 0
1670223096947 18.169837951660156 0
1670223097145 18.148029327392578 0
1670223097344 18.801250457763672 0
1670223097550 18.113862991333008 0
1670223097749 18.60804557800293 0
1670223097948 18.414094924926758 0
1670223098147 18.38047981262207 0
1670223098345 18.199785232543945 0
1670223098544 18.399404525756836 0
1670223098744 18.459426879882812 0
1670223098943 18.688573837280273 0
1670223099143 18.2534236907959 0
1670223099346 18.414796829223633 0
1670223099548 18.307825088500977 0
1670223099747 18.276378631591797 0
1670223099945 18.736473083496094 0
1670223100145 18.455942153930664 0
1670223100344 18.50520896911621 0
1670223100543 18.181840896606445 0
1670223100742 18.061424255371094 0
1670223100941 18.892871856689453 0
1670223101141 18.429006576538086 0
1670223101340 18.183399200439453 0
1670223101538 18.473052978515625 0
1670223101737 18.476835250854492 0
1670223101937 18.469818115234375 0
1670223102135 18.574548721313477 0
1670223102334 18.32313346862793 0
1670223102533 18.572267532348633 0
1670223102731 18.798919677734375 0
1670223102930 18.548227310180664 0
1670223103129 18.549299240112305 0
1670223103329 18.622024536132812 0
1670223103530 18.522451400756836 0
1670223103730 18.47769546508789 0
1670223103929 18.428668975830078 0
1670223104128 18.336368560791016 0
1670223104327 18.690532684326172 0
1670223104525 18.531909942626953 0
1670223104725 18.692949295043945 0
1670223104925 18.240829467773438 0
1670223105124 18.44278907775879 0
1670223105325 18.36129379272461 0
1670223105524 18.393186569213867 0
1670223105723 18.67559051513672 0
1670223105922 18.171489715576172 0
1670223106121 18.29172706604004 0
1670223106320 18.367265701293945 0
1670223106519 18.375320434570312 0
1670223106718 18.345176696777344 0
1670223106917 18.56997299194336 0
1670223107116 18.110307693481445 0
1670223107453 18.621383666992188 0
1670223107652 17.96161651611328 0
1670223107852 18.952699661254883 0
1670223108051 18.516185760498047 0
1670223108250 18.807653427124023 0
1670223108450 18.720096588134766 0
1670223108650 18.613750457763672 0
1670223108849 18.6490478515625 0
1670223109048 18.880077362060547 0
1670223109248 18.598011016845703 0
1670223109447 18.606979370117188 0
1670223109646 18.237958908081055 0
1670223109845 18.636375427246094 0
1670223110044 19.03582763671875 0
1670223110243 18.72874641418457 0
1670223110450 18.66019630432129 0
1670223110648 19.009878158569336 0
1670223110847 19.08536148071289 0
1670223111046 18.746641159057617 0
1670223111245 18.272462844848633 0
1670223111446 18.780656814575195 0
1670223111646 18.58863639831543 0
1670223111846 18.589231491088867 0
1670223112045 18.63068962097168 0
1670223112244 18.07460594177246 0
1670223112444 18.746585845947266 0
1670223112643 18.927839279174805 0
1670223112843 18.33210563659668 0
1670223113043 18.829755783081055 0
1670223113242 18.801908493041992 0
1670223113441 18.326152801513672 0
1670223113640 18.771364212036133 0
1670223113840 18.468271255493164 0
1670223114040 19.04388999938965 0
1670223114238 18.631410598754883 0
1670223114438 18.737512588500977 0
1670223114638 18.514387130737305 0
1670223114837 18.895206451416016 0
1670223115036 18.7515869140625 0
1670223115236 18.826356887817383 0
1670223115438 18.523975372314453 0
1670223115640 18.224929809570312 0
1670223115840 18.969806671142578 0
1670223116040 18.680707931518555 0
1670223116239 18.85751724243164 0
1670223116438 18.530832290649414 0
1670223116638 18.885753631591797 0
1670223116838 18.85487174987793 0
1670223117039 18.89199447631836 0
1670223117240 19.16971206665039 0
1670223117441 18.812746047973633 0
1670223117641 19.226789474487305 0
1670223117840 18.734451293945312 0
1670223118040 19.429794311523438 0
1670223118238 18.827016830444336 0
1670223118438 19.138599395751953 0
1670223118637 19.02228355407715 0
1670223118836 18.898624420166016 0
1670223119035 19.022703170776367 0
1670223119234 18.693056106567383 0
1670223119435 18.961896896362305 0
1670223119636 18.587080001831055 0
1670223119837 19.004236221313477 0
1670223120036 18.944995880126953 0
1670223120236 18.91940689086914 0
1670223120435 18.5272159576416 0
1670223120634 19.233728408813477 0
1670223120834 18.81147575378418 0
1670223121033 18.711576461791992 0
1670223121233 19.559968948364258 0
1670223121438 19.060792922973633 0
1670223121637 18.998098373413086 0
1670223121837 18.98897933959961 0
1670223122037 19.10541534423828 0
1670223122236 18.655248641967773 0
1670223122435 18.929170608520508 0
1670223122637 19.246992111206055 0
1670223122838 18.417272567749023 0
1670223123037 19.11187744140625 0
1670223123236 18.871065139770508 0
1670223123437 18.9571475982666 0
1670223123638 19.205896377563477 0
1670223123838 18.84192657470703 0
1670223124037 19.195966720581055 0
1670223124236 19.303874969482422 0
1670223124435 19.272092819213867 0
1670223124634 19.297454833984375 0
1670223124834 19.681428909301758 0
1670223125034 19.02710723876953 0
1670223125233 19.319265365600586 0
1670223125432 18.89773178100586 0
1670223125632 19.128568649291992 0
1670223125834 18.940011978149414 0
1670223126033 18.972309112548828 0
1670223126233 18.87615966796875 0
1670223126432 18.981857299804688 0
1670223126632 19.522037506103516 0
1670223126831 19.23826026916504 0
1670223127030 19.024431228637695 0
1670223127230 18.678056716918945 0
1670223127566 19.15926170349121 0
1670223127765 18.924211502075195 0
1670223127965 19.308176040649414 0
1670223128165 19.174320220947266 0
1670223128365 18.57569694519043 0
1670223128565 19.08919906616211 0
1670223128765 19.25966453552246 0
1670223128964 19.256881713867188 0
1670223129165 19.120079040527344 0
1670223129364 18.960365295410156 0
1670223129563 19.133947372436523 0
1670223129763 19.178890228271484 0
1670223129962 18.729248046875 0
1670223130161 19.240110397338867 0
1670223130360 19.11713409423828 0
1670223130559 19.111400604248047 0
1670223130760 19.242530822753906 0
1670223130960 18.835838317871094 0
1670223131161 19.0931396484375 0
1670223131360 19.327199935913086 0
1670223131561 19.046403884887695 0
1670223131763 18.619388580322266 0
1670223131963 18.94181251525879 0
1670223132163 18.96199607849121 0
1670223132364 18.795272827148438 0
1670223132563 19.152177810668945 0
1670223132763 19.364391326904297 0
1670223132963 18.795434951782227 0
1670223133163 19.202919006347656 0
1670223133363 19.58365821838379 0
1670223133562 18.81222915649414 0
1670223133761 19.037370681762695 0
1670223133961 19.045740127563477 0
1670223134160 18.916278839111328 0
1670223134359 19.30143165588379 0
1670223134559 19.155780792236328 0
1670223134759 19.461782455444336 0
1670223134957 19.06234359741211 0
1670223135156 19.17552375793457 0
1670223135355 19.065887451171875 0
1670223135557 19.403104782104492 0
1670223135758 19.319984436035156 0
1670223135957 19.3350887298584 0
1670223136158 18.706880569458008 0
1670223136357 19.269311904907227 0
1670223136558 18.988489151000977 0
1670223136757 19.099794387817383 0
1670223136957 19.391374588012695 0
1670223137157 18.63768768310547 0
1670223137357 19.30480194091797 0
1670223137558 19.50663948059082 0
1670223137757 18.70191192626953 0
1670223137957 18.706941604614258 0
1670223138157 19.18665313720703 0
1670223138358 19.34391975402832 0
1670223138559 18.88299560546875 0
1670223138762 19.51361083984375 0
1670223138961 19.397724151611328 0
1670223139161 19.271440505981445 0
1670223139363 19.177011489868164 0
1670223139565 18.83836555480957 0
1670223139766 18.884754180908203 0
1670223139966 19.53009796142578 0
1670223140166 19.245830535888672 0
1670223140367 19.40812873840332 0
1670223140568 19.33833122253418 0
1670223140768 19.680442810058594 0
1670223140969 18.835193634033203 0
1670223141168 19.404502868652344 0
1670223141368 19.284488677978516 0
1670223141568 19.29530143737793 0
1670223141769 19.637989044189453 0
1670223141969 19.39667510986328 0
1670223142171 18.811677932739258 0
1670223142372 18.628562927246094 0
1670223142572 19.16014862060547 0
1670223142772 19.44791603088379 0
1670223142973 18.620880126953125 0
1670223143173 19.374248504638672 0
1670223143373 19.06869888305664 0
1670223143575 18.92677879333496 0
1670223143776 18.90068244934082 0
1670223143976 19.539155960083008 0
1670223144177 19.2134952545166 0
1670223144377 18.965343475341797 0
1670223144576 19.317792892456055 0
1670223144777 19.097740173339844 0
1670223144977 19.43723487854004 0
1670223145178 19.198179244995117 0
1670223145378 19.443326950073242 0
1670223145578 19.132843017578125 0
1670223145778 19.181222915649414 0
1670223145979 19.44293785095215 0
1670223146178 19.305906295776367 0
1670223146379 19.169374465942383 0
1670223146580 19.189464569091797 0
1670223146780 19.335514068603516 0
1670223146981 19.320432662963867 0
1670223147181 18.9722957611084 0
1670223147381 19.16572380065918 0
1670223161631 19.52305030822754 0
1670223161834 19.678604125976562 0
1670223162034 19.549314498901367 0
1670223162234 19.093366622924805 0
1670223162434 19.618562698364258 0
1670223162636 19.497974395751953 0
1670223162836 19.164018630981445 0
1670223163036 19.42573356628418 0
1670223163236 19.746793746948242 0
1670223163436 19.79950714111328 0
1670223163637 19.44289207458496 0
1670223163837 19.172815322875977 0
1670223164037 19.37572479248047 0
1670223164238 19.677526473999023 0
1670223164438 19.362531661987305 0
1670223164638 19.311349868774414 0
1670223164837 19.62064552307129 0
1670223165038 19.295570373535156 0
1670223165238 19.346492767333984 0
1670223165438 19.1801815032959 0
1670223165640 19.06175994873047 0
1670223165843 19.164514541625977 0
1670223166045 19.94318962097168 0
1670223166247 19.771913528442383 0
1670223166447 19.568965911865234 0
1670223166647 19.435977935791016 0
1670223166848 19.363784790039062 0
1670223167048 19.564756393432617 0
1670223167247 19.76011085510254 0
1670223167448 19.823381423950195 0
1670223167648 19.470653533935547 0
1670223167848 19.45550537109375 0
1670223168048 19.810758590698242 0
1670223168248 19.377845764160156 0
1670223168449 19.38348960876465 0
1670223168649 19.47197151184082 0
1670223168849 19.90036964416504 0
1670223169049 19.350975036621094 0
1670223169249 19.074262619018555 0
1670223169449 19.235286712646484 0
1670223169652 19.356536865234375 0
1670223169854 19.362804412841797 0
1670223170054 19.478408813476562 0
1670223170254 19.97086524963379 0
1670223170455 19.553421020507812 0
1670223170655 19.501056671142578 0
1670223170855 19.896697998046875 0
1670223171055 19.90965461730957 0
1670223171255 20.13207244873047 0
1670223171456 19.39057731628418 0
1670223171655 19.68828582763672 0
1670223171857 19.49576759338379 0
1670223172057 19.40772247314453 0
1670223172257 19.65259552001953 0
1670223172457 19.52677345275879 0
1670223172657 19.951364517211914 0
1670223172857 19.40332794189453 0
1670223173057 19.359134674072266 0
1670223173257 19.28278350830078 0
1670223173457 19.470273971557617 0
1670223173659 19.399364471435547 0
1670223173861 19.176849365234375 0
