1670223033147 0.19120250642299652 0
1670223047390 0.1847042441368103 0
1670223047592 0.1752651184797287 0
1670223047793 0.17099323868751526 0
1670223047993 0.1634322702884674 0
1670223048192 0.1568937748670578 0
1670223048392 0.14228332042694092 0
1670223048592 0.1295054852962494 0
1670223048790 0.11540844291448593 0
1670223048989 0.09994387626647949 0
1670223049187 0.09311853349208832 0
1670223049385 0.08400297164916992 0
1670223049583 0.08905915915966034 0
1670223049780 0.0927431583404541 0
1670223049977 0.09986305236816406 0
1670223050173 0.09202339500188828 0
1670223050370 0.09231629222631454 0
1670223050566 0.08975069224834442 0
1670223050764 0.08559727668762207 0
1670223050961 0.08810156583786011 0
1670223051159 0.08551608771085739 0
1670223051357 0.08250388503074646 0
1670223051555 0.082527294754982 0
1670223051752 0.0858922228217125 0
1670223051950 0.08170994371175766 0
1670223052147 0.08491870760917664 0
1670223052345 0.0836062878370285 0
1670223052542 0.08309848606586456 0
1670223052740 0.07664892077445984 0
1670223052937 0.08040892332792282 0
1670223053135 0.07932707667350769 0
1670223053333 0.07489036023616791 0
1670223053532 0.08068987727165222 0
1670223053730 0.0807347446680069 0
1670223053928 0.08119238913059235 0
1670223054126 0.07695168256759644 0
1670223054325 0.07786639034748077 0
1670223054524 0.08067634701728821 0
1670223054723 0.0787818431854248 0
1670223054921 0.07845703512430191 0
1670223055120 0.07636217772960663 0
1670223055320 0.07671310752630234 0
1670223055521 0.07628139853477478 0
1670223055720 0.07739216089248657 0
1670223055918 0.07669726759195328 0
1670223056117 0.07799217104911804 0
1670223056315 0.07776720821857452 0
1670223056515 0.07438625395298004 0
1670223056713 0.07733990997076035 0
1670223056913 0.07610414922237396 0
1670223057113 0.07639353722333908 0
1670223057313 0.07868438959121704 0
1670223057515 0.07278954237699509 0
1670223057715 0.0750630795955658 0
1670223057913 0.07303518056869507 0
1670223058112 0.07896865904331207 0
1670223058311 0.06862954795360565 0
1670223058510 0.07006542384624481 0
1670223058708 0.07174815982580185 0
1670223058906 0.06761211901903152 0
1670223059105 0.07193463295698166 0
1670223059305 0.07242504507303238 0
1670223059506 0.07218040525913239 0
1670223059706 0.07295705378055573 0
1670223059905 0.0675334632396698 0
1670223060104 0.0719413310289383 0
1670223060303 0.07180221378803253 0
1670223060503 0.07347278296947479 0
1670223060702 0.07233218848705292 0
1670223060901 0.07300736755132675 0
1670223061099 0.07507925480604172 0
1670223061299 0.0674213320016861 0
1670223061497 0.06886325776576996 0
1670223061696 0.07017424702644348 0
1670223061895 0.06472817063331604 0
1670223062093 0.07024654746055603 0
1670223062292 0.06756368279457092 0
1670223062491 0.061410170048475266 0
1670223062689 0.06596561521291733 0
1670223062888 0.06696955859661102 0
1670223063086 0.06430914252996445 0
1670223063285 0.06286157667636871 0
1670223063484 0.06405378878116608 0
1670223063682 0.06118455156683922 0
1670223063880 0.06498014181852341 0
1670223064077 0.06679342687129974 0
1670223064275 0.05955500155687332 0
1670223064473 0.06163083761930466 0
1670223064671 0.06042192131280899 0
1670223064869 0.0616508387029171 0
1670223065068 0.062272779643535614 0
1670223065265 0.059151969850063324 0
1670223065463 0.05949676036834717 0
1670223065662 0.060357868671417236 0
1670223065860 0.060584113001823425 0
1670223066057 0.058145374059677124 0
1670223066255 0.05735859274864197 0
1670223066453 0.054864417761564255 0
1670223066651 0.05608797073364258 0
1670223066849 0.059372417628765106 0
1670223067049 0.05570990964770317 0
1670223067393 0.055627383291721344 0
1670223067592 0.05421113967895508 0
1670223067790 0.05369768291711807 0
1670223067988 0.053699102252721786 0
1670223068187 0.05475659295916557 0
1670223068385 0.05305974930524826 0
1670223068582 0.05202532932162285 0
1670223068781 0.05262840911746025 0
1670223068979 0.050858184695243835 0
1670223069177 0.0502748005092144 0
1670223069375 0.05085067078471184 0
1670223069573 0.05035705491900444 0
1670223069771 0.04846171662211418 0
1670223069969 0.04829449579119682 0
1670223070166 0.04444166272878647 0
1670223070365 0.04452873766422272 0
1670223070562 0.04184698313474655 0
1670223070760 0.044431351125240326 0
1670223070958 0.038246043026447296 0
1670223071156 0.03762219473719597 0
1670223071355 0.03766050562262535 0
1670223071555 0.040777888149023056 0
1670223071753 0.03744973614811897 0
1670223071951 0.034317683428525925 0
1670223072149 0.03491160273551941 0
1670223072346 0.03480274975299835 0
1670223072544 0.032465532422065735 0
1670223072742 0.03442610427737236 0
1670223072940 0.031007781624794006 0
1670223073138 0.03287963196635246 0
1670223073336 0.03332424908876419 0
1670223073534 0.033064261078834534 0
1670223073733 0.03161744773387909 0
1670223073930 0.029890796169638634 0
1670223074128 0.029167350381612778 0
1670223074326 0.028552141040563583 0
1670223074524 0.024292921647429466 0
1670223074721 0.027277572080492973 0
1670223074919 0.02799779176712036 0
1670223075117 0.02584940195083618 0
1670223075317 0.025135893374681473 0
1670223075520 0.023840542882680893 0
1670223075719 0.023866167291998863 0
1670223075917 0.02899819426238537 0
1670223076115 0.029258718714118004 0
1670223076313 0.02457239106297493 0
1670223076512 0.02293517254292965 0
1670223076711 0.024422883987426758 0
1670223076909 0.022456973791122437 0
1670223077108 0.0227065272629261 0
1670223077306 0.021025341004133224 0
1670223077504 0.022174803540110588 0
1670223077702 0.01968449167907238 0
1670223077901 0.02252117358148098 0
1670223078100 0.022505629807710648 0
1670223078298 0.019543783739209175 0
1670223078496 0.02061396837234497 0
1670223078694 0.019976574927568436 0
1670223078892 0.01966661773622036 0
1670223079091 0.02018144354224205 0
1670223079292 0.018841205164790154 0
1670223079491 0.019622348248958588 0
1670223079690 0.01911013573408127 0
1670223079888 0.01933744177222252 0
1670223080086 0.019882716238498688 0
1670223080285 0.019908122718334198 0
1670223080482 0.019730037078261375 0
1670223080682 0.019400570541620255 0
1670223080882 0.019024811685085297 0
1670223081081 0.020568756386637688 0
1670223081280 0.018995340913534164 0
1670223081478 0.020746231079101562 0
1670223081675 0.019199788570404053 0
1670223081873 0.020257506519556046 0
1670223082072 0.018630336970090866 0
1670223082270 0.019596701487898827 0
1670223082469 0.019796622917056084 0
1670223082667 0.01852567121386528 0
1670223082865 0.020703274756669998 0
1670223083063 0.018124107271432877 0
1670223083264 0.018952492624521255 0
1670223083465 0.018062181770801544 0
1670223083664 0.02014175057411194 0
1670223083863 0.017931707203388214 0
1670223084061 0.018963223323225975 0
1670223084259 0.01856936886906624 0
1670223084458 0.017181310802698135 0
1670223084656 0.016605637967586517 0
1670223084854 0.018338104709982872 0
1670223085053 0.017244692891836166 0
1670223085252 0.016880348324775696 0
1670223085450 0.016417881473898888 0
1670223085648 0.016982359811663628 0
1670223085846 0.01685849204659462 0
1670223086045 0.01771433651447296 0
1670223086243 0.018220214173197746 0
1670223086441 0.01623270846903324 0
1670223086640 0.01704365946352482 0
1670223086838 0.016404932364821434 0
1670223087036 0.017056068405508995 0
1670223087383 0.01721370965242386 0
1670223087581 0.017351381480693817 0
1670223087779 0.017197130247950554 0
1670223087978 0.01577436923980713 0
1670223088177 0.01510605774819851 0
1670223088376 0.016690654680132866 0
1670223088574 0.017108220607042313 0
1670223088773 0.016615506261587143 0
1670223088972 0.015532292425632477 0
1670223089171 0.016386976465582848 0
1670223089370 0.01845712773501873 0
1670223089568 0.015564843080937862 0
1670223089767 0.01656128466129303 0
1670223089965 0.016514547169208527 0
1670223090164 0.016344767063856125 0
1670223090363 0.01630045473575592 0
1670223090563 0.016221780329942703 0
1670223090762 0.01529006939381361 0
1670223090961 0.015438707545399666 0
1670223091159 0.015264402143657207 0
1670223091359 0.01593129336833954 0
1670223091558 0.015810344368219376 0
1670223091757 0.01476440392434597 0
1670223091956 0.016344521194696426 0
1670223092155 0.01584392786026001 0
1670223092353 0.016331588849425316 0
1670223092552 0.015464197844266891 0
1670223092752 0.014798784628510475 0
1670223092952 0.016011085361242294 0
1670223093152 0.015474235638976097 0
1670223093352 0.016628604382276535 0
1670223093551 0.015964988619089127 0
1670223093749 0.016653288155794144 0
1670223093948 0.015916509553790092 0
1670223094147 0.016036491841077805 0
1670223094346 0.014760504476726055 0
1670223094545 0.014089006930589676 0
1670223094743 0.01591559872031212 0
1670223094943 0.016209062188863754 0
1670223095144 0.015214945189654827 0
1670223095346 0.0148741714656353 0
1670223095548 0.016881298273801804 0
1670223095747 0.016139782965183258 0
1670223095946 0.014971102587878704 0
1670223096146 0.014154008589684963 0
1670223096345 0.014851014129817486 0
1670223096544 0.01428393553942442 0
1670223096748 0.015768645331263542 0
1670223096947 0.015241093002259731 0
1670223097145 0.015317822806537151 0
1670223097344 0.013178767636418343 0
1670223097550 0.015438813716173172 0
1670223097749 0.01377828698605299 0
1670223097948 0.014407558366656303 0
1670223098147 0.01451951079070568 0
1670223098345 0.015136359259486198 0
1670223098544 0.014456376433372498 0
1670223098744 0.014257955364882946 0
1670223098943 0.013525168411433697 0
1670223099143 0.014950573444366455 0
1670223099346 0.01440523099154234 0
1670223099548 0.014764450490474701 0
1670223099747 0.014871757477521896 0
1670223099945 0.013376807793974876 0
1670223100145 0.014269402250647545 0
1670223100344 0.014108449220657349 0
1670223100543 0.015199027955532074 0
1670223100742 0.015626346692442894 0
1670223100941 0.01290365494787693 0
1670223101141 0.014358175918459892 0
1670223101340 0.015193575993180275 0
1670223101538 0.014213292859494686 0
1670223101737 0.014200913719832897 0
1670223101937 0.014223883859813213 0
1670223102135 0.013884976506233215 0
1670223102334 0.014712505042552948 0
1670223102533 0.013892270624637604 0
1670223102731 0.013185843825340271 0
1670223102930 0.013969379477202892 0
1670223103129 0.01396593451499939 0
1670223103329 0.013734020292758942 0
1670223103530 0.014052540063858032 0
1670223103730 0.014198102056980133 0
1670223103929 0.01435929536819458 0
1670223104128 0.014667737297713757 0
1670223104327 0.013519065454602242 0
1670223104525 0.014021973125636578 0
1670223104725 0.013511545956134796 0
1670223104925 0.014993984252214432 0
1670223105124 0.014312682673335075 0
1670223105325 0.01458379253745079 0
1670223105524 0.014477085322141647 0
1670223105723 0.013565655797719955 0
1670223105922 0.015235301107168198 0
1670223106121 0.014819284901022911 0
1670223106320 0.014563756994903088 0
1670223106519 0.01453677099198103 0
1670223106718 0.014638019725680351 0
1670223106917 0.013899612240493298 0
1670223107116 0.01545144896954298 0
1670223107453 0.013736042194068432 0
1670223107652 0.015989623963832855 0
1670223107852 0.012727117165923119 0
1670223108051 0.01407283078879118 0
1670223108250 0.013159357011318207 0
1670223108450 0.013427352532744408 0
1670223108650 0.013760204426944256 0
1670223108849 0.01364881917834282 0
1670223109048 0.012941725552082062 0
1670223109248 0.013810163363814354 0
1670223109447 0.013781677931547165 0
1670223109646 0.015003900974988937 0
1670223109845 0.013688702136278152 0
1670223110044 0.012485828250646591 0
1670223110243 0.013400631956756115 0
1670223110450 0.013613829389214516 0
1670223110648 0.01256064884364605 0
1670223110847 0.012344226241111755 0
1670223111046 0.01334553211927414 0
1670223111245 0.01488516479730606 0
1670223111446 0.01324140839278698 0
1670223111646 0.013840002939105034 0
1670223111846 0.013838112354278564 0
1670223112045 0.013706637546420097 0
1670223112244 0.01557899545878172 0
1670223112444 0.013345698826014996 0
1670223112643 0.01280017476528883 0
1670223112843 0.014682134613394737 0
1670223113043 0.013092557899653912 0
1670223113242 0.013176778331398964 0
1670223113441 0.014702286571264267 0
1670223113640 0.013269774615764618 0
1670223113840 0.014228949323296547 0
1670223114040 0.012462668120861053 0
1670223114238 0.01370436605066061 0
1670223114438 0.01337361242622137 0
1670223114638 0.014078663662075996 0
1670223114837 0.012896726839244366 0
1670223115036 0.01333034597337246 0
1670223115236 0.01310280617326498 0
1670223115438 0.014047610573470592 0
1670223115640 0.01504897978156805 0
1670223115840 0.012677079066634178 0
1670223116040 0.01354968547821045 0
1670223116239 0.013009127229452133 0
1670223116438 0.014025447890162468 0
1670223116638 0.012924830429255962 0
1670223116838 0.013017062097787857 0
1670223117039 0.012906263582408428 0
1670223117240 0.012106786482036114 0
1670223117441 0.013143930584192276 0
1670223117641 0.011948706582188606 0
1670223117840 0.013383043929934502 0
1670223118040 0.01140303909778595 0
1670223118238 0.0131008205935359 0
1670223118438 0.012193831615149975 0
1670223118637 0.012524823658168316 0
1670223118836 0.012886575423181057 0
1670223119035 0.012523612007498741 0
1670223119234 0.013511216267943382 0
1670223119435 0.012700195424258709 0
1670223119636 0.013844972476363182 0
1670223119837 0.012576977722346783 0
1670223120036 0.012749715708196163 0
1670223120236 0.012825055047869682 0
1670223120435 0.01403712760657072 0
1670223120634 0.01192963682115078 0
1670223120834 0.013147778809070587 0
1670223121033 0.013453720137476921 0
1670223121233 0.011066315695643425 0
1670223121438 0.012414257042109966 0
1670223121637 0.012594765052199364 0
1670223121837 0.012621241621673107 0
1670223122037 0.012287361547350883 0
1670223122236 0.013629347085952759 0
1670223122435 0.012796260416507721 0
1670223122637 0.011893255636096 0
1670223122838 0.014397025108337402 0
1670223123037 0.012269088998436928 0
1670223123236 0.012968609109520912 0
1670223123437 0.012714087963104248 0
1670223123638 0.01200633030384779 0
1670223123838 0.013055915012955666 0
1670223124037 0.012033812701702118 0
1670223124236 0.011738496832549572 0
1670223124435 0.011824717745184898 0
1670223124634 0.011755864135921001 0
1670223124834 0.010761111974716187 0
1670223125034 0.012510919943451881 0
1670223125233 0.011696970090270042 0
1670223125432 0.01288922131061554 0
1670223125632 0.01222202368080616 0
1670223125834 0.01276435237377882 0
1670223126033 0.012669779360294342 0
1670223126233 0.012953408062458038 0
1670223126432 0.01264195330440998 0
1670223126632 0.011163393966853619 0
1670223126831 0.01191718876361847 0
1670223127030 0.012518628500401974 0
1670223127230 0.013557953760027885 0
1670223127566 0.01213595550507307 0
1670223127765 0.012810874730348587 0
1670223127965 0.01172687765210867 0
1670223128165 0.01209394633769989 0
1670223128365 0.013881303369998932 0
1670223128565 0.012333324179053307 0
1670223128765 0.011858607642352581 0
1670223128964 0.011866199783980846 0
1670223129165 0.012245943769812584 0
1670223129364 0.01270467322319746 0
1670223129563 0.012206889688968658 0
1670223129763 0.012081230990588665 0
1670223129962 0.013399089686572552 0
1670223130161 0.011912114918231964 0
1670223130360 0.012254243716597557 0
1670223130559 0.012270430102944374 0
1670223130760 0.011905482038855553 0
1670223130960 0.013074232265353203 0
1670223131161 0.012322137132287025 0
1670223131360 0.011675621382892132 0
1670223131561 0.01245545782148838 0
1670223131763 0.013742356561124325 0
1670223131963 0.012759062461555004 0
1670223132163 0.012699905782938004 0
1670223132364 0.013196924701333046 0
1670223132563 0.012155767530202866 0
1670223132763 0.011576062068343163 0
1670223132963 0.013196432963013649 0
1670223133163 0.01201456319540739 0
1670223133363 0.01100611686706543 0
1670223133562 0.013145506381988525 0
1670223133761 0.012481387704610825 0
1670223133961 0.012457362376153469 0
1670223134160 0.012834299355745316 0
1670223134359 0.011745097115635872 0
1670223134559 0.01214568316936493 0
1670223134759 0.011319356970489025 0
1670223134957 0.012409821152687073 0
1670223135156 0.012090591713786125 0
1670223135355 0.012399699538946152 0
1670223135557 0.011473327875137329 0
1670223135758 0.011695037595927715 0
1670223135957 0.011654432862997055 0
1670223136158 0.013468274846673012 0
1670223136357 0.011832289397716522 0
1670223136558 0.012622660957276821 0
1670223136757 0.012303268536925316 0
1670223136957 0.011504361405968666 0
1670223137157 0.013684568926692009 0
1670223137357 0.011735990643501282 0
1670223137558 0.011203043162822723 0
1670223137757 0.013483688235282898 0
1670223137957 0.013468082994222641 0
1670223138157 0.01205965131521225 0
1670223138358 0.011630754917860031 0
1670223138559 0.012933032587170601 0
1670223138762 0.011185074225068092 0
1670223138961 0.011487550102174282 0
1670223139161 0.011826494708657265 0
1670223139363 0.012086454778909683 0
1670223139565 0.013066625222563744 0
1670223139766 0.012927796691656113 0
1670223139966 0.011142688803374767 0
1670223140166 0.011896437965333462 0
1670223140367 0.011460065841674805 0
1670223140568 0.01164573710411787 0
1670223140768 0.010763552039861679 0
1670223140969 0.013076171278953552 0
1670223141168 0.011469636112451553 0
1670223141368 0.011791015975177288 0
1670223141568 0.011761695146560669 0
1670223141769 0.010869285091757774 0
1670223141969 0.01149032823741436 0
1670223142171 0.013147162273526192 0
1670223142372 0.013713354244828224 0
1670223142572 0.012133471667766571 0
1670223142772 0.011355552822351456 0
1670223142973 0.013737643137574196 0
1670223143173 0.011549822986125946 0
1670223143373 0.012391678057610989 0
1670223143575 0.012803304009139538 0
1670223143776 0.012880468741059303 0
1670223143976 0.01111948024481535 0
1670223144177 0.01198534481227398 0
1670223144377 0.012690115720033646 0
1670223144576 0.011700937524437904 0
1670223144777 0.012309089303016663 0
1670223144977 0.01138351671397686 0
1670223145178 0.012027686461806297 0
1670223145378 0.011367558501660824 0
1670223145578 0.012210002169013023 0
1670223145778 0.012074736878275871 0
1670223145979 0.011368579231202602 0
1670223146178 0.011733008548617363 0
1670223146379 0.012107725255191326 0
1670223146580 0.012051843106746674 0
1670223146780 0.011653292924165726 0
1670223146981 0.011693824082612991 0
1670223147181 0.012669816613197327 0
1670223147381 0.012117907404899597 0
1670223161631 0.011160789057612419 0
1670223161834 0.010768110863864422 0
1670223162034 0.011093497276306152 0
1670223162234 0.012321492657065392 0
1670223162434 0.010918021202087402 0
1670223162636 0.011225422844290733 0
1670223162836 0.012122663669288158 0
1670223163036 0.011413703672587872 0
1670223163236 0.010600358247756958 0
1670223163436 0.010472478345036507 0
1670223163637 0.011368697509169579 0
1670223163837 0.01209813728928566 0
1670223164037 0.011545896530151367 0
1670223164238 0.010770780965685844 0
1670223164438 0.011581016704440117 0
1670223164638 0.011718306690454483 0
1670223164837 0.010912778787314892 0
1670223165038 0.011760963127017021 0
1670223165238 0.011623864993453026 0
1670223165438 0.012077633291482925 0
1670223165640 0.012411490082740784 0
1670223165843 0.012121281586587429 0
1670223166045 0.010131669230759144 0
1670223166247 0.0105392225086689 0
1670223166447 0.01104341447353363 0
1670223166647 0.011386814527213573 0
1670223166848 0.011577678844332695 0
1670223167048 0.011054120026528835 0
1670223167247 0.010567905381321907 0
1670223167448 0.010415064170956612 0
1670223167648 0.011296262964606285 0
1670223167848 0.011335725896060467 0
1670223168048 0.010445374064147472 0
1670223168248 0.011540252715349197 0
1670223168449 0.011525265872478485 0
1670223168649 0.011292828246951103 0
1670223168849 0.010232058353722095 0
1670223169049 0.011611877009272575 0
1670223169249 0.012375815771520138 0
1670223169449 0.011925354599952698 0
1670223169652 0.011597014963626862 0
1670223169854 0.011580292135477066 0
1670223170054 0.011276105418801308 0
1670223170254 0.010067308321595192 0
1670223170455 0.011083019897341728 0
1670223170655 0.011217450723052025 0
1670223170855 0.010240709409117699 0
1670223171055 0.010210207663476467 0
1670223171255 0.009700469672679901 0
1670223171456 0.011506474576890469 0
1670223171655 0.010744134895503521 0
1670223171857 0.011231128126382828 0
1670223172057 0.011461136862635612 0
1670223172257 0.01083279401063919 0
1670223172457 0.011151227168738842 0
1670223172657 0.01011261623352766 0
1670223172857 0.011472742073237896 0
1670223173057 0.011590078473091125 0
1670223173257 0.01179564744234085 0
1670223173457 0.011297248303890228 0
1670223173659 0.011483217589557171 0
1670223173861 0.012086903676390648 0
